date,asset,model,cum_r2_os,r2_change,abs_change
1975-01-01,Shops_excess,random_forest,-0.009790577019274105,-0.0369024852902905,0.0369024852902905
1975-01-01,NoDur_excess,random_forest,0.012542290988524218,-0.0314069939937196,0.0314069939937196
1970-04-01,Utils_excess,ols_restricted,-0.05731218724655074,0.028695609460865246,0.028695609460865246
1970-04-01,Utils_excess,elastic_net_restricted,-0.05599142648733424,0.028508033704975677,0.028508033704975677
1975-01-01,Durbl_excess,random_forest,0.024926486457104047,-0.027003431000364286,0.027003431000364286
1970-07-01,Durbl_excess,random_forest,0.02160406563749706,-0.02608707276740907,0.02608707276740907
1970-04-01,HiTec_excess,ols_restricted,-0.028388265361654286,0.025817951045016496,0.025817951045016496
1970-02-01,Utils_excess,ols4_restricted,0.07620961585142638,-0.025209759229145257,0.025209759229145257
1971-02-01,Telcm_excess,ols_restricted,0.027223417300181962,-0.02476192927414589,0.02476192927414589
1970-01-01,Hlth_excess,random_forest,0.010176121432946328,-0.024491654479406155,0.024491654479406155
1971-02-01,Telcm_excess,elastic_net_restricted,0.01360993465560456,-0.024263988186730923,0.024263988186730923
1970-04-01,Shops_excess,ols_restricted,-0.016059549578854693,0.02401914253505466,0.02401914253505466
1975-01-01,HiTec_excess,random_forest,0.02085297897216498,-0.023311505914691222,0.023311505914691222
1970-07-01,Enrgy_excess,ols_restricted,0.041304876039372496,-0.022820944395462894,0.022820944395462894
1970-07-01,Enrgy_excess,elastic_net_restricted,0.03877156636561352,-0.02250392126335976,0.02250392126335976
1970-02-01,Telcm_excess,ols4_restricted,0.06111410777695281,-0.02186713140037977,0.02186713140037977
1970-07-01,Enrgy_excess,random_forest,0.05070991762414678,-0.021599446350938356,0.021599446350938356
1970-07-01,Enrgy_excess,ols4_restricted,0.02955357958462268,-0.02135036507902688,0.02135036507902688
1970-01-01,Hlth_excess,elastic_net_restricted,-0.0190518532735644,-0.021320954793412006,0.021320954793412006
1970-07-01,Telcm_excess,ols4_restricted,0.0573008705658391,-0.019920302219743502,0.019920302219743502
1970-01-01,Durbl_excess,ols_restricted,0.019196045082702673,0.019534484399572172,0.019534484399572172
1970-06-01,HiTec_excess,elastic_net_restricted,-0.01211801205644747,0.019473783227561547,0.019473783227561547
1970-02-01,Utils_excess,random_forest,-0.05146807725921243,0.019293232923855763,0.019293232923855763
1970-01-01,Utils_excess,ols_restricted,-0.09297851361865961,0.01919887444762125,0.01919887444762125
1970-05-01,HiTec_excess,elastic_net_restricted,-0.03159179528400902,0.018966677306066604,0.018966677306066604
1970-07-01,Utils_excess,ols4_restricted,0.0740844768918506,-0.018863128251190076,0.018863128251190076
1970-01-01,HiTec_excess,elastic_net_restricted,-0.06858146176326874,-0.01874166575082037,0.01874166575082037
1970-01-01,Utils_excess,elastic_net_restricted,-0.09804651923716867,0.018540071936096414,0.018540071936096414
1970-07-01,Shops_excess,random_forest,-0.002905523939867649,-0.018522563026227123,0.018522563026227123
1970-04-01,HiTec_excess,ols4_restricted,-0.007119329513501693,0.018346862574213363,0.018346862574213363
1970-07-01,Telcm_excess,ols_restricted,0.042377121844354604,-0.01826339567222912,0.01826339567222912
1970-01-01,Enrgy_excess,ols4_restricted,0.043371208763397395,0.018201791700013126,0.018201791700013126
1970-01-01,Durbl_excess,elastic_net_restricted,0.033821831884933706,0.018044664165604574,0.018044664165604574
1970-11-01,Utils_excess,ols4_restricted,0.053215246958927875,-0.017964562522765792,0.017964562522765792
1970-04-01,Durbl_excess,ols_restricted,0.020365046574291834,0.017949679484067227,0.017949679484067227
1970-07-01,Durbl_excess,ols4_restricted,0.03610948745292408,-0.017738584640516586,0.017738584640516586
1970-05-01,HiTec_excess,ols_restricted,-0.01079759687361359,0.017590668488040695,0.017590668488040695
1975-01-01,Durbl_excess,ols4_restricted,0.05205801712579916,-0.017551019694810877,0.017551019694810877
1970-01-01,Shops_excess,ols_restricted,-0.04907385479437343,0.017351846414388028,0.017351846414388028
1970-01-01,Durbl_excess,ols4_restricted,0.041314989516263556,0.017281391870827,0.017281391870827
1970-06-01,HiTec_excess,ols_restricted,0.006463838890141904,0.017261435763755495,0.017261435763755495
1970-02-01,Utils_excess,elastic_net_restricted,-0.08086681599136258,0.01717970324580609,0.01717970324580609
1970-07-01,Durbl_excess,elastic_net_restricted,0.025113565963153173,-0.017054587461617254,0.017054587461617254
1970-07-01,Durbl_excess,ols_restricted,0.02307265147391313,-0.0169276331400251,0.0169276331400251
1975-01-01,Manuf_excess,random_forest,-3.4252371895915346e-05,-0.01671315952490593,0.01671315952490593
1975-01-01,Other_excess,ols_restricted,-0.018754337675814137,0.01665008925489242,0.01665008925489242
1970-04-01,Enrgy_excess,random_forest,0.0707953020660872,0.016576734475241106,0.016576734475241106
1970-04-01,Telcm_excess,elastic_net_restricted,0.02430663233812025,0.016383071678952144,0.016383071678952144
1970-01-01,Manuf_excess,ols4_restricted,0.03460658572053954,0.016375799449181994,0.016375799449181994
1970-07-01,Telcm_excess,elastic_net_restricted,0.024935884015725884,-0.01632698534434629,0.01632698534434629
1970-12-01,Manuf_excess,random_forest,0.014752889796691981,-0.016153260882979303,0.016153260882979303
1970-02-01,Telcm_excess,ols_restricted,0.034145988188905574,-0.015948303835090383,0.015948303835090383
1970-01-01,Durbl_excess,random_forest,0.040590329682509196,0.015934386874036477,0.015934386874036477
1970-05-01,HiTec_excess,ols4_restricted,0.008703751960636219,0.015823081474137912,0.015823081474137912
1970-01-01,Enrgy_excess,elastic_net_restricted,0.05540809233351107,0.015492845215670181,0.015492845215670181
1970-05-01,Shops_excess,ols_restricted,-0.0006357880178522457,0.015423761561002447,0.015423761561002447
1970-04-01,Other_excess,ols4_restricted,0.005455900222740784,0.015336920716272351,0.015336920716272351
1975-01-01,Utils_excess,ols4_restricted,0.04062064739066906,-0.015311510694463015,0.015311510694463015
1970-04-01,Manuf_excess,ols4_restricted,0.04326667300421072,0.015227529606169687,0.015227529606169687
1970-06-01,HiTec_excess,ols4_restricted,0.023890389803223555,0.015186637842587336,0.015186637842587336
1970-04-01,Shops_excess,ols4_restricted,-0.028541509977022095,0.01498624142450522,0.01498624142450522
1970-05-01,Utils_excess,ols_restricted,-0.042436750388243016,0.014875436858307722,0.014875436858307722
1970-05-01,Utils_excess,elastic_net_restricted,-0.04119344822124327,0.014797978266090972,0.014797978266090972
1970-01-01,Enrgy_excess,ols_restricted,0.0587160981176984,0.014748365916932737,0.014748365916932737
1970-04-01,HiTec_excess,elastic_net_restricted,-0.05055847259007562,0.014724148563397765,0.014724148563397765
1970-01-01,Hlth_excess,ols_restricted,-0.02214899950748661,-0.014716454887663488,0.014716454887663488
1970-07-01,Other_excess,random_forest,0.020706289687691948,-0.014659641750566221,0.014659641750566221
1970-04-01,NoDur_excess,ols_restricted,-0.021433397642162122,0.014638700058435372,0.014638700058435372
1970-03-01,Hlth_excess,ols_restricted,-0.0030455708759458133,0.014557121958945318,0.014557121958945318
1970-04-01,Other_excess,ols_restricted,0.011092141658853305,0.014351280374483966,0.014351280374483966
1970-07-01,Telcm_excess,random_forest,0.0046065783557210915,-0.014328873158143574,0.014328873158143574
1970-04-01,Durbl_excess,ols4_restricted,0.038254276794866815,0.014229792076272396,0.014229792076272396
1970-04-01,Manuf_excess,ols_restricted,0.05221955478624518,0.014082979988335298,0.014082979988335298
1970-05-01,NoDur_excess,ols_restricted,-0.0075679956885508215,0.0138654019536113,0.0138654019536113
1970-04-01,Manuf_excess,elastic_net_restricted,0.05416333670468776,0.013834484039648487,0.013834484039648487
1971-01-01,Telcm_excess,ols4_restricted,0.029870202808654045,-0.013642670776031651,0.013642670776031651
1975-01-01,Utils_excess,random_forest,-0.02155111504984064,-0.013621033492870582,0.013621033492870582
1970-04-01,Hlth_excess,elastic_net_restricted,-0.020665070249451523,-0.013589310566040291,0.013589310566040291
1970-04-01,Durbl_excess,elastic_net_restricted,0.030123336126763656,0.013419296791523205,0.013419296791523205
1975-01-01,Manuf_excess,ols_restricted,-5.76009390778065e-05,0.013405324272838248,0.013405324272838248
1970-01-01,Other_excess,ols4_restricted,-0.0038527839565232203,0.013181562763392662,0.013181562763392662
1975-01-01,Other_excess,random_forest,0.014318085002259284,-0.013178216759395234,0.013178216759395234
1970-01-01,HiTec_excess,random_forest,0.010598339446502125,-0.013101580768392962,0.013101580768392962
1970-01-01,Shops_excess,ols4_restricted,-0.04049029345026112,0.01308637405914359,0.01308637405914359
1972-08-01,Enrgy_excess,ols4_restricted,0.0023521467159798304,-0.013002773690504399,0.013002773690504399
1970-12-01,Telcm_excess,elastic_net_restricted,0.036919726735557434,0.012975376162199348,0.012975376162199348
1970-04-01,Shops_excess,random_forest,-0.000588910099607709,0.01273171532821471,0.01273171532821471
1970-01-01,HiTec_excess,ols_restricted,-0.06331174599412592,-0.012605162678951176,0.012605162678951176
1970-12-01,Manuf_excess,elastic_net_restricted,0.040276346645995,-0.012408193890139252,0.012408193890139252
1970-07-01,Durbl_excess,ridge_restricted,0.038488752499011514,-0.01237422254450149,0.01237422254450149
1970-12-01,Manuf_excess,ols_restricted,0.03870173679513511,-0.012344384834782063,0.012344384834782063
1975-01-01,Other_excess,elastic_net_restricted,-0.016417440930581728,0.012343166839098307,0.012343166839098307
1971-12-01,Manuf_excess,ols4_restricted,0.01628151506915465,-0.01233511864048964,0.01233511864048964
1970-04-01,Telcm_excess,ols_restricted,0.0471657178328031,0.012308503208678268,0.012308503208678268
1971-01-01,Shops_excess,elastic_net_restricted,-0.012659147775128332,0.012272774928783425,0.012272774928783425
1970-05-01,Shops_excess,ols4_restricted,-0.016315388061236558,0.012226121915785537,0.012226121915785537
1970-06-01,Telcm_excess,random_forest,0.018935451513864665,0.012156584266366344,0.012156584266366344
1970-12-01,Manuf_excess,ols4_restricted,0.03144922780026227,-0.012050486160339213,0.012050486160339213
1971-04-01,Durbl_excess,random_forest,-0.02394066484403945,-0.01199209892309483,0.01199209892309483
1971-01-01,Shops_excess,ols_restricted,-0.00987669322044793,0.011948056780528571,0.011948056780528571
1970-05-01,Durbl_excess,ols_restricted,0.03219656181100483,0.011831515236712997,0.011831515236712997
1970-04-01,Enrgy_excess,ols4_restricted,0.04913705521573175,0.011755968550582141,0.011755968550582141
1970-06-01,Utils_excess,ols_restricted,-0.03073300198934148,0.011703748398901537,0.011703748398901537
1971-12-01,NoDur_excess,elastic_net_restricted,-0.030739156943137225,0.01168970469432784,0.01168970469432784
1970-06-01,Utils_excess,elastic_net_restricted,-0.02954705908123656,0.011646389140006708,0.011646389140006708
1970-01-01,Hlth_excess,ols4_restricted,-0.02238877578013465,-0.011646206600270714,0.011646206600270714
1970-08-01,Durbl_excess,elastic_net_restricted,0.013488881287650578,-0.011624684675502595,0.011624684675502595
1970-08-01,Durbl_excess,ols_restricted,0.011511340811210191,-0.01156131066270294,0.01156131066270294
1971-07-01,HiTec_excess,elastic_net_restricted,-0.024619840628959055,0.011530034786303656,0.011530034786303656
1970-07-01,Enrgy_excess,ridge_restricted,0.05975050302857832,-0.01147547504035229,0.01147547504035229
1970-07-01,Shops_excess,ols_restricted,-0.0058126888217640005,-0.01147023827735838,0.01147023827735838
1970-01-01,Durbl_excess,ridge_restricted,0.050599291221333886,0.011458087117201754,0.011458087117201754
1971-12-01,Utils_excess,ols4_restricted,0.04323076548716542,-0.011364636026438113,0.011364636026438113
1970-12-01,Utils_excess,ols4_restricted,0.04190018055178002,-0.011315066407147856,0.011315066407147856
1970-02-01,Utils_excess,ols_restricted,-0.08180133597025518,0.011177177648404424,0.011177177648404424
1970-09-01,HiTec_excess,ols4_restricted,0.0022485415275933507,-0.011135916233483645,0.011135916233483645
1975-01-01,Shops_excess,ols4_restricted,0.009800938467451226,-0.01103975123419032,0.01103975123419032
1970-04-01,Shops_excess,elastic_net_restricted,-0.020789502386042047,0.011015811786043939,0.011015811786043939
1970-05-01,Hlth_excess,elastic_net_restricted,-0.031509168630672324,-0.010844098381220801,0.010844098381220801
1970-05-01,Manuf_excess,ols4_restricted,0.05409998471644584,0.010833311712235116,0.010833311712235116
1970-01-01,Shops_excess,elastic_net_restricted,-0.04207270717919731,0.010775075108145682,0.010775075108145682
1971-07-01,HiTec_excess,ols_restricted,-0.009545827233745197,0.010757660174517625,0.010757660174517625
1971-12-01,NoDur_excess,ols_restricted,-0.01955303061585867,0.0107262884243855,0.0107262884243855
1970-07-01,Shops_excess,elastic_net_restricted,-0.01733473658189011,-0.010695945250063676,0.010695945250063676
1970-08-01,Durbl_excess,random_forest,0.010934836908110257,-0.010669228729386804,0.010669228729386804
1970-12-01,NoDur_excess,random_forest,0.009088923600867993,-0.010520507276132629,0.010520507276132629
1970-07-01,Shops_excess,ols4_restricted,-0.020164261552981788,-0.010505798368078523,0.010505798368078523
1970-04-01,Enrgy_excess,elastic_net_restricted,0.059672400522589264,0.01050337355886688,0.01050337355886688
1970-07-01,Utils_excess,elastic_net_restricted,-0.039988450502747463,-0.010441391421510904,0.010441391421510904
1970-09-01,HiTec_excess,ols_restricted,-0.014047648722095296,-0.010435868393674497,0.010435868393674497
1970-07-01,Utils_excess,ols_restricted,-0.04109285762208725,-0.010359855632745774,0.010359855632745774
1970-05-01,Shops_excess,elastic_net_restricted,-0.010530958269795443,0.010258544116246604,0.010258544116246604
1970-04-01,Durbl_excess,random_forest,0.032305938442919846,0.010213253303577696,0.010213253303577696
1970-02-01,Enrgy_excess,random_forest,0.051949014218536815,-0.0101825871327349,0.0101825871327349
1970-04-01,Enrgy_excess,ols_restricted,0.0625677498886017,0.010159132339476296,0.010159132339476296
1970-05-01,Manuf_excess,ols_restricted,0.06236176620387868,0.010142211417633495,0.010142211417633495
1971-05-01,HiTec_excess,random_forest,0.0021096321372131577,0.010120716921766526,0.010120716921766526
1970-11-01,Utils_excess,elastic_net_restricted,-0.043798404874957564,-0.010090324869599154,0.010090324869599154
1970-09-01,Hlth_excess,ols_restricted,-0.013285690238020287,-0.010069120557443467,0.010069120557443467
1970-06-01,Telcm_excess,elastic_net_restricted,0.041262869360072174,0.010041098616965893,0.010041098616965893
1971-07-01,HiTec_excess,ols4_restricted,0.004590980915842313,0.01003330685067716,0.01003330685067716
1970-12-01,Telcm_excess,ols_restricted,0.05107632388006356,0.010017063141136484,0.010017063141136484
1970-02-01,Durbl_excess,random_forest,0.030578708848638003,-0.010011620833871193,0.010011620833871193
1970-05-01,Manuf_excess,elastic_net_restricted,0.06415550165804507,0.009992164953357308,0.009992164953357308
1975-01-01,Manuf_excess,ols4_restricted,0.034630664589675786,-0.00995241490672305,0.00995241490672305
1971-12-01,HiTec_excess,ols4_restricted,-0.003365649075351973,-0.009951160589654728,0.009951160589654728
1970-04-01,Other_excess,elastic_net_restricted,-0.0034914984476213107,0.009869517122315763,0.009869517122315763
1970-05-01,Shops_excess,random_forest,0.009228249060498017,0.009817159160105726,0.009817159160105726
1970-11-01,Utils_excess,ols_restricted,-0.04767645778913465,-0.009775557723939343,0.009775557723939343
1972-08-01,Enrgy_excess,random_forest,0.020853562974830986,-0.009712211059456188,0.009712211059456188
1970-09-01,HiTec_excess,elastic_net_restricted,-0.03142420130139323,-0.00968941060752404,0.00968941060752404
1975-02-01,Hlth_excess,ols_restricted,-0.02401038146600687,0.009681137601571299,0.009681137601571299
1970-08-01,Durbl_excess,ols4_restricted,0.02647899068154147,-0.009630496771382613,0.009630496771382613
1970-06-01,Other_excess,random_forest,0.03536593143825817,0.009583581198591373,0.009583581198591373
1970-02-01,Durbl_excess,ols4_restricted,0.03183503377604213,-0.009479955740221424,0.009479955740221424
1971-12-01,Enrgy_excess,ols4_restricted,0.0099879303512731,-0.009467659516136484,0.009467659516136484
1970-02-01,Manuf_excess,elastic_net_restricted,0.037732522654792766,-0.00941313521447884,0.00941313521447884
1970-04-01,Manuf_excess,random_forest,0.03433410373787038,0.009399404607280504,0.009399404607280504
1970-02-01,Manuf_excess,ols_restricted,0.035532293282321326,-0.009376604566937452,0.009376604566937452
1970-02-01,Durbl_excess,elastic_net_restricted,0.024445803300621627,-0.00937602858431208,0.00937602858431208
1970-12-01,Telcm_excess,ols4_restricted,0.043512873584685696,-0.009337530452514176,0.009337530452514176
1970-12-01,Other_excess,random_forest,0.00024010245491346005,-0.009250574914959175,0.009250574914959175
1970-02-01,Telcm_excess,elastic_net_restricted,0.006351943843548091,-0.009243207532239506,0.009243207532239506
1970-05-01,Other_excess,random_forest,0.025782350239666796,0.009233052024520516,0.009233052024520516
1970-02-01,Manuf_excess,ols4_restricted,0.02539823797591101,-0.009208347744628531,0.009208347744628531
1971-05-01,HiTec_excess,elastic_net_restricted,-0.03976600220966331,0.009199867335338618,0.009199867335338618
1970-02-01,Other_excess,ols4_restricted,-0.013034472660430563,-0.009181688703907342,0.009181688703907342
1970-02-01,Durbl_excess,ols_restricted,0.010022870421940389,-0.009173174660762284,0.009173174660762284
1970-05-01,Durbl_excess,elastic_net_restricted,0.0392599039231718,0.009136567796408146,0.009136567796408146
1970-04-01,Utils_excess,ols4_restricted,0.08042841684166413,0.0091335519510366,0.0091335519510366
1970-11-01,Durbl_excess,elastic_net_restricted,0.007458882551935719,-0.009121874541078046,0.009121874541078046
1970-07-01,Shops_excess,ridge_restricted,-0.01280011581806817,-0.0091198689555263,0.0091198689555263
1970-11-01,Durbl_excess,ols_restricted,0.00449996844028,-0.009061507171446048,0.009061507171446048
1976-01-01,Manuf_excess,ols4_restricted,0.014380128467482267,-0.009058470490454495,0.009058470490454495
1971-05-01,Utils_excess,random_forest,-0.03617650457340904,0.00900598769301264,0.00900598769301264
1971-01-01,Manuf_excess,random_forest,0.005797666206370344,-0.008955223590321637,0.008955223590321637
1970-01-01,Manuf_excess,ols_restricted,0.04490889784925878,0.008930578562344804,0.008930578562344804
1971-12-01,Manuf_excess,ols_restricted,0.020192776228383447,-0.008905054586507366,0.008905054586507366
1970-01-01,Enrgy_excess,ridge_restricted,0.0683150984577805,0.008900150953699892,0.008900150953699892
1970-08-01,HiTec_excess,ols4_restricted,0.013384457761076995,-0.00889804763505797,0.00889804763505797
1970-04-01,Telcm_excess,ols4_restricted,0.06672529561492657,0.008822062819737408,0.008822062819737408
1971-07-01,Durbl_excess,random_forest,-0.00877455706380914,0.008799949800870843,0.008799949800870843
1971-12-01,Manuf_excess,elastic_net_restricted,0.02179134995381271,-0.008793696031562992,0.008793696031562992
1970-11-01,Durbl_excess,random_forest,0.0044142913967931685,-0.008791301276439234,0.008791301276439234
1970-02-01,Enrgy_excess,ridge_restricted,0.05952471571427487,-0.008790382743505631,0.008790382743505631
1970-04-01,Shops_excess,ridge_restricted,-0.008584452902948625,0.008772774183179344,0.008772774183179344
1970-09-01,Other_excess,random_forest,0.006520089814498475,-0.008756128823285358,0.008756128823285358
1971-05-01,HiTec_excess,ols_restricted,-0.023813447600853577,0.008720357133143564,0.008720357133143564
1970-04-01,Enrgy_excess,ridge_restricted,0.06978004343628386,0.008705253282328074,0.008705253282328074
1970-08-01,Enrgy_excess,random_forest,0.04200971698673861,-0.008700200637408173,0.008700200637408173
1975-01-01,Utils_excess,ols_restricted,-0.031565043201690735,0.008687725548913727,0.008687725548913727
1970-05-01,NoDur_excess,ols4_restricted,-0.014817686092571725,0.008663117799617703,0.008663117799617703
1970-04-01,Hlth_excess,random_forest,0.0027865814539467237,-0.008657066465435403,0.008657066465435403
1975-01-01,HiTec_excess,ols4_restricted,0.030329968726210632,-0.008632788582933482,0.008632788582933482
1970-02-01,Enrgy_excess,ols_restricted,0.050090016194679454,-0.008626081923018947,0.008626081923018947
1975-01-01,NoDur_excess,ols4_restricted,0.009476948254346196,-0.008622763919280296,0.008622763919280296
1970-02-01,Enrgy_excess,elastic_net_restricted,0.04683863172992775,-0.008569460603583323,0.008569460603583323
1970-12-01,Hlth_excess,random_forest,-0.012538892232891952,-0.008508196039050064,0.008508196039050064
1976-01-01,HiTec_excess,ols4_restricted,0.011740830443793482,-0.008506821481757298,0.008506821481757298
1970-03-01,Durbl_excess,random_forest,0.02209268513934215,-0.008486023709295853,0.008486023709295853
1970-08-01,HiTec_excess,ols_restricted,-0.0036117803284207994,-0.008474247424642312,0.008474247424642312
1970-08-01,Enrgy_excess,ols_restricted,0.032834574782724446,-0.00847030125664805,0.00847030125664805
1970-11-01,Telcm_excess,ols4_restricted,0.05285040403719987,-0.008454956135963143,0.008454956135963143
1970-08-01,Enrgy_excess,elastic_net_restricted,0.03035920645546175,-0.008412359910151768,0.008412359910151768
1970-02-01,Enrgy_excess,ols4_restricted,0.0350077768895366,-0.008363431873860794,0.008363431873860794
1970-06-01,Durbl_excess,random_forest,0.04769113840490613,0.008312271634939083,0.008312271634939083
1970-07-01,NoDur_excess,random_forest,0.028920056888675827,-0.008289235866068667,0.008289235866068667
1971-05-01,HiTec_excess,ols4_restricted,-0.008852720282396476,0.008270659792662727,0.008270659792662727
1970-01-01,HiTec_excess,ols4_restricted,-0.026280954162352543,-0.008232397636605882,0.008232397636605882
1970-08-01,Enrgy_excess,ridge_restricted,0.05154521528870848,-0.008205287739869838,0.008205287739869838
1970-08-01,Enrgy_excess,ols4_restricted,0.021352051603787725,-0.008201527980834955,0.008201527980834955
1970-05-01,Manuf_excess,random_forest,0.04252494449406463,0.008190840756194251,0.008190840756194251
1970-05-01,Durbl_excess,ols4_restricted,0.046410219333680613,0.008155942538813798,0.008155942538813798
1972-08-01,Enrgy_excess,ridge_restricted,0.03777604321134376,-0.008145692800025417,0.008145692800025417
1971-12-01,Shops_excess,ols_restricted,-0.012043378012133399,0.008141791611376847,0.008141791611376847
1971-10-01,Manuf_excess,ols4_restricted,0.026465858836332568,0.008100497184275968,0.008100497184275968
1970-11-01,Telcm_excess,ols_restricted,0.04105926073892707,-0.008097721231771993,0.008097721231771993
1971-01-01,Manuf_excess,elastic_net_restricted,0.032192323739786755,-0.008084022906208244,0.008084022906208244
1971-01-01,Manuf_excess,ols_restricted,0.030646602216685914,-0.008055134578449197,0.008055134578449197
1971-12-01,Telcm_excess,ols4_restricted,0.038881672541095536,-0.00804132809381608,0.00804132809381608
1970-08-01,HiTec_excess,elastic_net_restricted,-0.021734790693869188,-0.008022351212916057,0.008022351212916057
1976-01-01,Manuf_excess,elastic_net_restricted,-0.0014712619403021154,-0.007991462104962599,0.007991462104962599
1970-07-01,Utils_excess,random_forest,-0.048309451809446013,0.007966346641607114,0.007966346641607114
1971-12-01,Shops_excess,elastic_net_restricted,-0.013349000086734675,0.007963991657121472,0.007963991657121472
1971-08-01,Manuf_excess,ols_restricted,0.023480453099458898,-0.007959655884878791,0.007959655884878791
1970-02-01,Hlth_excess,elastic_net_restricted,-0.011094442121943882,0.00795741115162052,0.00795741115162052
1971-03-01,HiTec_excess,ols4_restricted,-0.01543345634371951,-0.00795586973308171,0.00795586973308171
1972-10-01,Utils_excess,ols4_restricted,0.04097777741704156,-0.007951121154336382,0.007951121154336382
1970-05-01,Other_excess,elastic_net_restricted,0.00444964280767568,0.00794114125529699,0.00794114125529699
1971-01-01,Manuf_excess,ols4_restricted,0.02352715021799867,-0.007922077582263598,0.007922077582263598
1971-12-01,Enrgy_excess,ridge_restricted,0.0425375310153181,-0.007915357204097195,0.007915357204097195
1971-07-01,HiTec_excess,random_forest,0.012440490423813011,0.007903774241774464,0.007903774241774464
1970-01-01,Shops_excess,random_forest,-0.014686139045648305,0.007896324521528664,0.007896324521528664
1970-01-01,Telcm_excess,elastic_net_restricted,0.015595151375787597,0.007857783033887067,0.007857783033887067
1971-08-01,Manuf_excess,ols4_restricted,0.016883241807127414,-0.007825356824627816,0.007825356824627816
1975-01-01,Durbl_excess,ols_restricted,-0.012229177793694035,0.007816921569101076,0.007816921569101076
1970-03-01,Durbl_excess,ols4_restricted,0.02402448471859442,-0.007810549057447713,0.007810549057447713
1970-06-01,Durbl_excess,ols_restricted,0.04000028461393823,0.007803722802933399,0.007803722802933399
1970-01-01,Shops_excess,ridge_restricted,-0.01881037847238387,0.007800300459490428,0.007800300459490428
1970-01-01,Utils_excess,ols4_restricted,0.10141937508057164,0.0077906317182108165,0.0077906317182108165
1970-04-01,Other_excess,random_forest,0.01654929821514628,0.007781078098531791,0.007781078098531791
1971-05-01,Telcm_excess,random_forest,-0.0020558885730357357,0.00778084178661631,0.00778084178661631
1970-12-01,NoDur_excess,ols_restricted,-0.03133338826343679,-0.007773092866057318,0.007773092866057318
1975-01-01,Manuf_excess,elastic_net_restricted,0.012720766545349371,0.007767003844911469,0.007767003844911469
1970-04-01,Durbl_excess,ridge_restricted,0.044768263700739164,0.007761028729157515,0.007761028729157515
1970-07-01,NoDur_excess,ols_restricted,-0.011912832639122017,-0.007745618329125792,0.007745618329125792
1970-03-01,Durbl_excess,elastic_net_restricted,0.01670403933524045,-0.0077417639653811765,0.0077417639653811765
1970-12-01,Durbl_excess,elastic_net_restricted,-0.0002602757399019495,-0.007719158291837669,0.007719158291837669
1972-12-01,Utils_excess,ols_restricted,-0.04194557897159079,-0.0076846569296793454,0.0076846569296793454
1970-03-01,HiTec_excess,ols_restricted,-0.05420621640667078,0.007683171988357662,0.007683171988357662
1970-12-01,Durbl_excess,ols_restricted,-0.003176427264962589,-0.007676395705242589,0.007676395705242589
1970-12-01,Durbl_excess,random_forest,-0.003247576285535292,-0.00766186768232846,0.00766186768232846
1971-12-01,Hlth_excess,ols_restricted,-0.028238163722054566,0.007640487231923787,0.007640487231923787
1970-03-01,Durbl_excess,ols_restricted,0.002415367090224607,-0.007607503331715781,0.007607503331715781
1970-09-01,Shops_excess,random_forest,-0.013719331957763536,-0.0076054916030992015,0.0076054916030992015
1975-01-01,Telcm_excess,ols4_restricted,0.03148815950785744,-0.007592378364577157,0.007592378364577157
1971-03-01,HiTec_excess,ols_restricted,-0.03085118615640381,-0.007584405482705003,0.007584405482705003
1970-11-01,Telcm_excess,elastic_net_restricted,0.023944350573358086,-0.007579192778799038,0.007579192778799038
1970-04-01,NoDur_excess,ols4_restricted,-0.023480803892189428,0.007523759845936562,0.007523759845936562
1970-07-01,NoDur_excess,ols4_restricted,-0.018867278448700064,-0.007508803171853096,0.007508803171853096
1970-11-01,Telcm_excess,random_forest,-0.00045814239498920273,-0.007472396128954895,0.007472396128954895
1971-12-01,Hlth_excess,elastic_net_restricted,-0.04208827517347946,0.007468257837108139,0.007468257837108139
1971-01-01,Hlth_excess,random_forest,-0.02000185741871041,-0.00746296518581846,0.00746296518581846
1970-05-01,Other_excess,ols4_restricted,0.012906370936028089,0.007450470713287305,0.007450470713287305
1970-09-01,Shops_excess,ols_restricted,-0.014900533707070895,-0.00744605785278285,0.00744605785278285
1970-06-01,Durbl_excess,ols4_restricted,0.05384807209344067,0.007437852759760055,0.007437852759760055
1975-01-01,Shops_excess,elastic_net_restricted,-0.010915370901365407,-0.0074237588730543536,0.0074237588730543536
1971-12-01,Telcm_excess,ols_restricted,0.02665491521046104,-0.007402522428988423,0.007402522428988423
1970-12-01,Utils_excess,ols_restricted,-0.0550731881988511,-0.0073967304097164455,0.0073967304097164455
1971-07-01,Manuf_excess,ols4_restricted,0.02470859863175523,0.007369576736159789,0.007369576736159789
1976-01-01,Telcm_excess,elastic_net_restricted,0.011343541212018748,0.007369224666207264,0.007369224666207264
1970-06-01,Telcm_excess,ols_restricted,0.060640517516583725,0.007351563372796743,0.007351563372796743
1971-04-01,Utils_excess,random_forest,-0.04518249226642168,0.007345195824447703,0.007345195824447703
1970-07-01,Manuf_excess,elastic_net_restricted,0.06367607593611546,-0.007329949475039621,0.007329949475039621
1970-07-01,Manuf_excess,ols_restricted,0.061970502583117315,-0.0073074130938468596,0.0073074130938468596
1971-08-01,Manuf_excess,elastic_net_restricted,0.025642981735614967,-0.007258621818372335,0.007258621818372335
1970-06-01,Manuf_excess,ols4_restricted,0.061318400255094496,0.007218415538648659,0.007218415538648659
1970-07-01,Manuf_excess,ols4_restricted,0.05411478767235478,-0.007203612582739716,0.007203612582739716
1970-08-01,Utils_excess,ols4_restricted,0.06689570252325394,-0.007188774368596662,0.007188774368596662
1971-03-01,HiTec_excess,elastic_net_restricted,-0.04729104041918997,-0.007188314864032819,0.007188314864032819
1971-10-01,Durbl_excess,random_forest,-0.007241535885784911,0.007187715390003513,0.007187715390003513
1972-08-01,Utils_excess,ols4_restricted,0.048423763808538745,-0.007170122722788053,0.007170122722788053
1971-07-01,Manuf_excess,ols_restricted,0.03144010898433769,0.00716113408298924,0.00716113408298924
1972-11-01,Utils_excess,ols4_restricted,0.03382542302633862,-0.007152354390702942,0.007152354390702942
1970-05-01,Other_excess,ols_restricted,0.018233523916127536,0.007141382257274231,0.007141382257274231
1976-01-01,Manuf_excess,ols_restricted,-0.012381712780636045,-0.007122317492651353,0.007122317492651353
1971-07-01,Manuf_excess,elastic_net_restricted,0.0329016035539873,0.007115878592061309,0.007115878592061309
1971-12-01,Telcm_excess,elastic_net_restricted,0.014282885853630023,-0.007109005625668519,0.007109005625668519
1971-04-01,Utils_excess,ols_restricted,-0.05098085885243542,0.0070758482191439764,0.0070758482191439764
1970-05-01,Durbl_excess,random_forest,0.03937886676996705,0.007072928327047201,0.007072928327047201
1970-07-01,NoDur_excess,elastic_net_restricted,-0.032102509810219226,-0.007058112565837993,0.007058112565837993
1970-11-01,Shops_excess,random_forest,-0.01799532817131344,-0.007026873608934281,0.007026873608934281
1975-02-01,HiTec_excess,random_forest,0.013835355662131454,-0.007017623310033527,0.007017623310033527
1971-05-01,Utils_excess,ols_restricted,-0.043972081686075803,0.007008777166359614,0.007008777166359614
1970-02-01,Shops_excess,ols4_restricted,-0.04747361492955804,-0.006983321479296922,0.006983321479296922
1971-04-01,Manuf_excess,random_forest,-0.004809661628507822,-0.006964205224428421,0.006964205224428421
1970-08-01,Durbl_excess,ridge_restricted,0.03152764893764037,-0.00696110356137114,0.00696110356137114
1970-12-01,Hlth_excess,ols_restricted,-0.02227972710259829,-0.0069534347012021325,0.0069534347012021325
1970-02-01,NoDur_excess,elastic_net_restricted,-0.026920258374487194,0.006949952530020287,0.006949952530020287
1971-04-01,Utils_excess,elastic_net_restricted,-0.04433717633436052,0.006935420464016406,0.006935420464016406
1972-11-01,Durbl_excess,ols4_restricted,0.014068301123677851,-0.006924441462941466,0.006924441462941466
1970-06-01,Manuf_excess,ols_restricted,0.06927791567696417,0.006916149473085498,0.006916149473085498
1970-05-01,Telcm_excess,elastic_net_restricted,0.03122177074310628,0.006915138404986032,0.006915138404986032
1971-01-01,NoDur_excess,random_forest,0.002176036433871431,-0.006912887166996562,0.006912887166996562
1971-05-01,Enrgy_excess,ols_restricted,0.016295426561751536,0.006910083962604174,0.006910083962604174
1972-01-01,HiTec_excess,ols4_restricted,-0.010274144646182481,-0.0069084955708305085,0.0069084955708305085
1971-05-01,Enrgy_excess,elastic_net_restricted,0.016811901829332898,0.006895751061701261,0.006895751061701261
1971-05-01,Utils_excess,elastic_net_restricted,-0.03747270588941154,0.006864470444948978,0.006864470444948978
1970-01-01,Telcm_excess,ols_restricted,0.05009429202399596,0.006858672747887096,0.006858672747887096
1970-06-01,Manuf_excess,elastic_net_restricted,0.07100602541115508,0.006850523753110016,0.006850523753110016
1970-07-01,Manuf_excess,random_forest,0.0421255508923134,-0.00684783699755076,0.00684783699755076
1970-03-01,Durbl_excess,ridge_restricted,0.03700723497158165,-0.006803680174355731,0.006803680174355731
1970-05-01,Utils_excess,ols4_restricted,0.08722578716951312,0.006797370327848995,0.006797370327848995
1970-02-01,Durbl_excess,ridge_restricted,0.04381091514593738,-0.006788376075396507,0.006788376075396507
1970-08-01,Manuf_excess,random_forest,0.03534240482446982,-0.006783146067843582,0.006783146067843582
1972-11-01,Telcm_excess,ols4_restricted,0.026083808105559325,-0.006779388754391769,0.006779388754391769
1971-08-01,Durbl_excess,random_forest,-0.015541596836442961,-0.0067670397726338205,0.0067670397726338205
1975-02-01,HiTec_excess,ols4_restricted,0.0235680585548258,-0.006761910171384833,0.006761910171384833
1970-10-01,Manuf_excess,random_forest,0.037023220221874875,0.006730677886661596,0.006730677886661596
1976-01-01,Telcm_excess,ols_restricted,0.01633618978843776,0.006675471945697065,0.006675471945697065
1970-06-01,Shops_excess,ols4_restricted,-0.009658463184903265,0.006656924876333292,0.006656924876333292
1970-12-01,Hlth_excess,elastic_net_restricted,-0.043947973025562304,-0.0066476290107782,0.0066476290107782
1975-01-01,Shops_excess,ols_restricted,-0.015607669256936019,-0.0066047271281695075,0.0066047271281695075
1971-03-01,Shops_excess,ols_restricted,-0.013754091605116203,-0.006573314600726299,0.006573314600726299
1970-11-01,Shops_excess,ols_restricted,-0.018388941226433086,-0.006568660404322246,0.006568660404322246
1970-11-01,Enrgy_excess,random_forest,0.029983671783963883,-0.0065342460088392285,0.0065342460088392285
1971-03-01,Shops_excess,elastic_net_restricted,-0.016454854662579566,-0.006514855773878558,0.006514855773878558
1975-02-01,Telcm_excess,ols_restricted,0.011603944813468825,0.006467803748841594,0.006467803748841594
1970-11-01,Shops_excess,elastic_net_restricted,-0.022977288579890898,-0.006463763319482396,0.006463763319482396
1972-11-01,NoDur_excess,random_forest,0.003027432050518364,-0.006454328622631067,0.006454328622631067
1970-06-01,Manuf_excess,random_forest,0.04897338788986416,0.00644844339579953,0.00644844339579953
1970-05-01,Telcm_excess,random_forest,0.006778867247498321,0.006425657728985623,0.006425657728985623
1971-08-01,Durbl_excess,ols4_restricted,0.01611060107448048,-0.006424057557365859,0.006424057557365859
1970-06-01,Shops_excess,random_forest,0.015617039086359474,0.006388790025861457,0.006388790025861457
1971-03-01,Shops_excess,ols4_restricted,-0.018056120072535764,0.0063735920624743425,0.0063735920624743425
1970-08-01,Manuf_excess,elastic_net_restricted,0.05736231240115952,-0.006313763534955941,0.006313763534955941
1970-01-01,Manuf_excess,ridge_restricted,0.03480510370333989,0.006309366496677238,0.006309366496677238
1970-06-01,Enrgy_excess,random_forest,0.07230936397508514,0.006298134810036271,0.006298134810036271
1970-08-01,Manuf_excess,ols_restricted,0.055673617117168894,-0.006296885465948421,0.006296885465948421
1970-06-01,Shops_excess,ols_restricted,0.0056575494555943795,0.006293337473446625,0.006293337473446625
1971-07-01,Manuf_excess,random_forest,0.006941400433222222,0.006289314024048309,0.006289314024048309
1975-02-01,Hlth_excess,random_forest,-0.00040881282652360795,-0.006283774766928207,0.006283774766928207
1971-04-01,Hlth_excess,random_forest,-0.025486833684644772,-0.006278197044689238,0.006278197044689238
1975-05-01,Enrgy_excess,ols_restricted,0.009090697626100153,-0.006252640672709697,0.006252640672709697
1970-08-01,Manuf_excess,ols4_restricted,0.04789564104896826,-0.006219146623386518,0.006219146623386518
1975-01-01,Enrgy_excess,ols_restricted,0.017826817066423528,0.006218037861257963,0.006218037861257963
1972-11-01,NoDur_excess,ols_restricted,-0.023418518592241755,0.006203162236143589,0.006203162236143589
1971-01-01,Shops_excess,random_forest,-0.0297181724593496,-0.006178908651138126,0.006178908651138126
1975-01-01,Other_excess,ols4_restricted,0.016704244288102688,-0.006164708184680734,0.006164708184680734
1970-05-01,Telcm_excess,ols_restricted,0.05328895414378698,0.006123236310983882,0.006123236310983882
1970-11-01,Manuf_excess,random_forest,0.030906150679671285,-0.00611706954220359,0.00611706954220359
1970-07-01,Other_excess,ols_restricted,0.017632873524941806,-0.006110933841669497,0.006110933841669497
1972-11-01,Durbl_excess,random_forest,-0.009899430877929216,-0.00607653449927259,0.00607653449927259
1970-06-01,Other_excess,elastic_net_restricted,0.01050057854624109,0.0060509357385654106,0.0060509357385654106
1970-04-01,HiTec_excess,random_forest,0.0039223979877710535,-0.006046678358081148,0.006046678358081148
1971-08-01,Durbl_excess,ridge_restricted,0.018766567688035418,-0.006024234777255666,0.006024234777255666
1970-09-01,NoDur_excess,ols_restricted,-0.018632968812687167,-0.006017651920869449,0.006017651920869449
1970-01-01,Enrgy_excess,random_forest,0.062131601351271715,0.006004041979072228,0.006004041979072228
1972-03-01,Enrgy_excess,ols_restricted,0.02002627103787613,0.005987223319515289,0.005987223319515289
1970-07-01,Other_excess,ols4_restricted,0.012654103808725004,-0.005971500250596007,0.005971500250596007
1975-02-01,Hlth_excess,ols4_restricted,-0.0019392163511522398,-0.005941184302521441,0.005941184302521441
1975-02-01,Hlth_excess,elastic_net_restricted,-0.024718333724009556,0.005931883814791483,0.005931883814791483
1970-06-01,Utils_excess,random_forest,-0.05627579845105313,-0.005919540958357006,0.005919540958357006
1975-06-01,Utils_excess,ols4_restricted,0.031977025884222465,-0.005910156386700338,0.005910156386700338
1970-01-01,Telcm_excess,ols4_restricted,0.08298123917733258,0.0059062522945463325,0.0059062522945463325
1971-10-01,Enrgy_excess,ols4_restricted,0.018624090970954854,0.005855975520134282,0.005855975520134282
1975-05-01,Enrgy_excess,elastic_net_restricted,-0.0008320507195669347,-0.005849530383229551,0.005849530383229551
1972-02-01,Hlth_excess,elastic_net_restricted,-0.03561204751431757,0.005837168584130303,0.005837168584130303
1970-12-01,Other_excess,ols_restricted,0.005485179164783638,-0.005802135124277852,0.005802135124277852
1975-02-01,HiTec_excess,ols_restricted,-0.020947953338931846,0.005750920422001871,0.005750920422001871
1970-07-01,Other_excess,elastic_net_restricted,0.004750425791403723,-0.005750152754837368,0.005750152754837368
1970-11-01,Enrgy_excess,ols_restricted,0.021102098401082126,-0.0057450612000983226,0.0057450612000983226
1970-10-01,Other_excess,random_forest,0.012246975998431275,0.0057268861839328,0.0057268861839328
1970-06-01,Utils_excess,ols4_restricted,0.09294760514304068,0.005721817973527554,0.005721817973527554
1970-06-01,Other_excess,ols4_restricted,0.01862560405932101,0.005719233123292922,0.005719233123292922
1970-11-01,Enrgy_excess,elastic_net_restricted,0.018666400707630704,-0.005718047211494048,0.005718047211494048
1970-12-01,Other_excess,ols4_restricted,0.0009437531408731381,-0.005671141429750559,0.005671141429750559
1971-05-01,Telcm_excess,elastic_net_restricted,0.018863290072435812,0.005655749567618384,0.005655749567618384
1970-10-01,HiTec_excess,elastic_net_restricted,-0.0257964004176503,0.005627800883742928,0.005627800883742928
1971-02-01,Enrgy_excess,ols_restricted,0.014166413791303567,-0.005625895509774215,0.005625895509774215
1971-02-01,Enrgy_excess,elastic_net_restricted,0.01270554004191693,-0.005610043722097835,0.005610043722097835
1975-07-01,NoDur_excess,random_forest,0.013185802239879973,-0.005594708514920277,0.005594708514920277
1971-05-01,Enrgy_excess,ridge_restricted,0.04393646666419615,0.005572324876720769,0.005572324876720769
1970-12-01,Manuf_excess,ridge_restricted,0.02870946192952828,-0.005561732340390035,0.005561732340390035
1975-07-01,HiTec_excess,elastic_net_restricted,-0.020899248494045786,0.005553128139739627,0.005553128139739627
1970-12-01,Shops_excess,random_forest,-0.023539263808211475,-0.005543935636898034,0.005543935636898034
1971-02-01,Telcm_excess,ols4_restricted,0.0354124246631895,0.005542221854535456,0.005542221854535456
1975-07-01,HiTec_excess,ols_restricted,-0.020475285287604894,0.0055404947023531825,0.0055404947023531825
1971-09-01,Utils_excess,ols_restricted,-0.044934521899712365,-0.005524843664723944,0.005524843664723944
1970-06-01,Other_excess,ols_restricted,0.023743807366611303,0.005510283450483766,0.005510283450483766
1972-11-01,Enrgy_excess,ols4_restricted,-0.004468800943623119,-0.005478585056356344,0.005478585056356344
1970-12-01,Other_excess,elastic_net_restricted,-0.006265652209922479,-0.005463192068190459,0.005463192068190459
1970-05-01,Telcm_excess,ols4_restricted,0.07217093392632878,0.005445638311402212,0.005445638311402212
1970-09-01,Other_excess,ols_restricted,0.00878245110009801,-0.005433130330417146,0.005433130330417146
1970-08-01,Other_excess,random_forest,0.015276218637783834,-0.005430071049908114,0.005430071049908114
1971-01-01,Telcm_excess,random_forest,-0.008867584741303558,-0.005427210999420451,0.005427210999420451
1971-12-01,NoDur_excess,random_forest,0.00955932211030075,0.005418954571084211,0.005418954571084211
1975-01-01,Enrgy_excess,elastic_net_restricted,0.00780989929032172,0.0054012563790520884,0.0054012563790520884
1971-07-01,Shops_excess,elastic_net_restricted,-0.020843809624113918,-0.005400962248027996,0.005400962248027996
1970-10-01,HiTec_excess,ols_restricted,-0.008658363179237183,0.005389285542858113,0.005389285542858113
1970-01-01,Other_excess,ridge_restricted,0.009947936833371696,0.005385486866422373,0.005385486866422373
1972-02-01,Manuf_excess,elastic_net_restricted,0.013601714388906117,-0.00538460494105808,0.00538460494105808
1970-01-01,Other_excess,random_forest,0.011741983169586634,0.005371709068521913,0.005371709068521913
1971-10-01,HiTec_excess,ols_restricted,-0.008530392045735802,0.005369963599488381,0.005369963599488381
1972-02-01,Manuf_excess,ols_restricted,0.011739722304915046,-0.005364983475431462,0.005364983475431462
1970-10-01,Manuf_excess,ols4_restricted,0.04833933705450699,0.005361779114937071,0.005361779114937071
1971-04-01,Manuf_excess,elastic_net_restricted,0.021087016578021922,-0.005353350485709285,0.005353350485709285
1970-11-01,NoDur_excess,random_forest,0.019609430877000622,-0.005351602387273946,0.005351602387273946
1971-04-01,Hlth_excess,ols_restricted,-0.035783543176413524,-0.005345411425573321,0.005345411425573321
1971-04-01,Manuf_excess,ols_restricted,0.019564678163359384,-0.0053409199670966245,0.0053409199670966245
1972-08-01,Utils_excess,elastic_net_restricted,-0.03466619288181749,-0.005334644944119837,0.005334644944119837
1972-02-01,Manuf_excess,ols4_restricted,0.007880866097506378,-0.005324319277617229,0.005324319277617229
1976-01-01,Telcm_excess,ols4_restricted,0.021534273023241846,-0.005323119348158767,0.005323119348158767
1970-11-01,Enrgy_excess,ols4_restricted,0.010101590629415735,-0.005321756337177019,0.005321756337177019
1970-09-01,Other_excess,ols4_restricted,0.003960295926471957,-0.005320201884528641,0.005320201884528641
1971-06-01,Utils_excess,ols4_restricted,0.044791518385150386,-0.0053172041157627525,0.0053172041157627525
1975-04-01,Manuf_excess,ols4_restricted,0.022421999195704867,-0.005314095319322587,0.005314095319322587
1970-06-01,HiTec_excess,random_forest,0.010543490769584607,0.005310165315592363,0.005310165315592363
1970-03-01,Shops_excess,ols_restricted,-0.04007869211390935,0.005309256388964734,0.005309256388964734
1976-01-01,NoDur_excess,random_forest,0.019811773608078398,0.005301947211376334,0.005301947211376334
1970-04-01,Manuf_excess,ridge_restricted,0.036801751660295645,0.005298020376915957,0.005298020376915957
1971-04-01,Manuf_excess,ols4_restricted,0.012552926624048832,-0.005283666134981102,0.005283666134981102
1971-01-01,Durbl_excess,random_forest,-0.008519663560231594,-0.005272087274696302,0.005272087274696302
1971-10-01,HiTec_excess,elastic_net_restricted,-0.02220380391069221,0.005258369934713958,0.005258369934713958
1971-12-01,Enrgy_excess,ols_restricted,0.015481199576052318,-0.005256175097968385,0.005256175097968385
1970-10-01,Manuf_excess,ols_restricted,0.05593218802333244,0.0052241504762007285,0.0052241504762007285
1970-03-01,Shops_excess,elastic_net_restricted,-0.031805314172085986,0.005221676411058196,0.005221676411058196
1971-01-01,Other_excess,ols_restricted,0.0002693452507029903,-0.0052158339140806476,0.0052158339140806476
1972-09-01,NoDur_excess,ols_restricted,-0.027440523721927956,-0.005202674094114457,0.005202674094114457
1970-10-01,Manuf_excess,elastic_net_restricted,0.05758069034715951,0.005194269588018829,0.005194269588018829
1971-05-01,Telcm_excess,ols_restricted,0.03228224002674174,0.005192164018343104,0.005192164018343104
1971-02-01,Enrgy_excess,ols4_restricted,0.003988697200973501,-0.005174112750537807,0.005174112750537807
1970-10-01,HiTec_excess,ols4_restricted,0.007414141080103742,0.0051655995525103915,0.0051655995525103915
1972-08-01,Utils_excess,ols_restricted,-0.042367743376532596,-0.005164515781012735,0.005164515781012735
1970-10-01,Other_excess,elastic_net_restricted,0.001450237211910843,0.005144997456797529,0.005144997456797529
1971-07-01,Hlth_excess,random_forest,-0.016103231057545964,0.005142205262004262,0.005142205262004262
1970-09-01,Other_excess,elastic_net_restricted,-0.0036947602448866856,-0.00514093067373278,0.00514093067373278
1971-01-01,HiTec_excess,ols4_restricted,-0.005253371123495665,-0.005126632212792526,0.005126632212792526
1971-02-01,Utils_excess,random_forest,-0.04971485004422105,0.005117688232871842,0.005117688232871842
1971-10-01,HiTec_excess,ols4_restricted,0.0074442577772859675,0.005116484863755266,0.005116484863755266
1971-12-01,Durbl_excess,ols_restricted,-0.008567848722754512,0.005109526969975686,0.005109526969975686
1970-02-01,Other_excess,random_forest,0.006632609476479034,-0.0051093736931075995,0.0051093736931075995
1971-01-01,Other_excess,ols4_restricted,-0.004165337497007204,-0.0051090906378803425,0.0051090906378803425
1970-04-01,Other_excess,ridge_restricted,0.011536029003441528,0.0051054864504895825,0.0051054864504895825
1975-01-01,Telcm_excess,elastic_net_restricted,0.0008221752184591757,-0.0050702630391880055,0.0050702630391880055
1971-03-01,Manuf_excess,elastic_net_restricted,0.026440367063731207,-0.005057853114822097,0.005057853114822097
1976-01-01,NoDur_excess,elastic_net_restricted,-0.018768329615513002,0.00505583503803364,0.00505583503803364
1970-06-01,Telcm_excess,ols4_restricted,0.0772211727855826,0.0050502388592538194,0.0050502388592538194
1970-09-01,Manuf_excess,random_forest,0.03029254233521328,-0.00504986248925654,0.00504986248925654
1972-11-01,Durbl_excess,ols_restricted,-0.02297227357716447,0.005047403065438161,0.005047403065438161
1971-03-01,Manuf_excess,ols_restricted,0.024905598130456008,-0.005046903070226261,0.005046903070226261
1970-02-01,Shops_excess,elastic_net_restricted,-0.03702699058314418,0.005045716596053129,0.005045716596053129
1970-11-01,NoDur_excess,ols_restricted,-0.02356029539737947,-0.005043732032114834,0.005043732032114834
1971-04-01,Utils_excess,ols4_restricted,0.04518883707195265,0.005043105914974699,0.005043105914974699
1970-02-01,Other_excess,ridge_restricted,0.004913669229360651,-0.0050342676040110446,0.0050342676040110446
1971-03-01,Manuf_excess,ols4_restricted,0.017836592759029934,-0.004996468166060697,0.004996468166060697
1971-01-01,HiTec_excess,ols_restricted,-0.021059373163532458,-0.00499216704124672,0.00499216704124672
1970-09-01,Manuf_excess,elastic_net_restricted,0.052386420759140684,-0.004975891642018837,0.004975891642018837
1970-09-01,Manuf_excess,ols_restricted,0.05070803754713171,-0.004965579570037182,0.004965579570037182
1971-01-01,Other_excess,random_forest,-0.004715844306594663,-0.004955946761508123,0.004955946761508123
1970-02-01,Manuf_excess,ridge_restricted,0.029850742395933327,-0.004954361307406563,0.004954361307406563
1971-05-01,Durbl_excess,random_forest,-0.018993768346702744,0.004946896497336706,0.004946896497336706
1972-10-01,Utils_excess,ols_restricted,-0.03755939265847541,0.004943683225828055,0.004943683225828055
1971-01-01,Other_excess,elastic_net_restricted,-0.011205290446167249,-0.00493963823624477,0.00493963823624477
1970-10-01,Other_excess,ols4_restricted,0.008897560723624687,0.0049372647971527295,0.0049372647971527295
1971-05-01,Telcm_excess,ols4_restricted,0.0399412318087361,0.004927568209860289,0.004927568209860289
1971-05-01,Hlth_excess,random_forest,-0.020559990926430016,0.004926842758214756,0.004926842758214756
1971-05-01,Manuf_excess,random_forest,0.00011608355881709276,0.004925745187324915,0.004925745187324915
1971-05-01,Utils_excess,ols4_restricted,0.05010872250091314,0.004919885428960491,0.004919885428960491
1970-09-01,Manuf_excess,ols4_restricted,0.04297755793956992,-0.004918083109398341,0.004918083109398341
1970-03-01,Utils_excess,ols4_restricted,0.07129486489062753,-0.004914750960798853,0.004914750960798853
1975-01-01,Durbl_excess,ridge_restricted,0.03819784496821743,-0.004900126146926143,0.004900126146926143
1970-11-01,Manuf_excess,elastic_net_restricted,0.05268454053613425,-0.004896149811025263,0.004896149811025263
1970-11-01,Manuf_excess,ols_restricted,0.051046121629917174,-0.004886066393415267,0.004886066393415267
1972-08-01,Telcm_excess,ols4_restricted,0.038177225772848766,-0.004863374893687822,0.004863374893687822
1972-02-01,Hlth_excess,ols_restricted,-0.02251546006267957,0.004856294885171808,0.004856294885171808
1975-04-01,Manuf_excess,elastic_net_restricted,0.0036574367742744363,-0.004854617117311055,0.004854617117311055
1971-01-01,HiTec_excess,elastic_net_restricted,-0.03791324031339838,-0.004848787448369585,0.004848787448369585
1972-11-01,Telcm_excess,ols_restricted,0.03285824395250825,0.004844544395921302,0.004844544395921302
1970-11-01,Manuf_excess,ols4_restricted,0.04349971396060148,-0.00483962309390551,0.00483962309390551
1970-10-01,Other_excess,ols_restricted,0.01358885870992066,0.004806407609822649,0.004806407609822649
1971-12-01,Manuf_excess,ridge_restricted,0.02154349025027913,-0.004795426542957615,0.004795426542957615
1970-05-01,Enrgy_excess,random_forest,0.06601122916504887,-0.004784072901038328,0.004784072901038328
1971-05-01,Enrgy_excess,random_forest,0.025314934261107536,0.004769350385993021,0.004769350385993021
1971-12-01,Other_excess,ols4_restricted,-0.007890767426665946,-0.004744538209547011,0.004744538209547011
1972-01-01,HiTec_excess,random_forest,0.011267055963701478,-0.004739449975642351,0.004739449975642351
1970-02-01,NoDur_excess,ols_restricted,-0.038813066071702096,0.004738575123470534,0.004738575123470534
1972-10-01,Durbl_excess,ols_restricted,-0.02801967664260263,-0.00472048094483557,0.00472048094483557
1971-08-01,HiTec_excess,ols4_restricted,-0.0001275199441161945,-0.004718500859958508,0.004718500859958508
1975-01-01,NoDur_excess,elastic_net_restricted,-0.022115584503021424,-0.004709711216246637,0.004709711216246637
1971-12-01,Enrgy_excess,elastic_net_restricted,0.015509152750772914,-0.004699908019497379,0.004699908019497379
1975-02-01,Telcm_excess,elastic_net_restricted,0.005521469081939623,0.004699293863480447,0.004699293863480447
1975-04-01,Manuf_excess,random_forest,0.0009963588816015445,0.00469867967108617,0.00469867967108617
1976-11-01,Hlth_excess,ols_restricted,-0.01200517450695826,0.004694894996387422,0.004694894996387422
1971-01-01,Manuf_excess,ridge_restricted,0.024026486862530394,-0.004682975066997885,0.004682975066997885
1976-01-01,HiTec_excess,ols_restricted,-0.026266547373035687,-0.004681488511356413,0.004681488511356413
1976-01-01,NoDur_excess,ols_restricted,-0.024426365445459286,0.004678711755502718,0.004678711755502718
1971-03-01,NoDur_excess,ols_restricted,-0.030606544443907646,-0.004672497897419747,0.004672497897419747
1972-03-01,Enrgy_excess,ols4_restricted,0.013573464682443026,0.004657668320813935,0.004657668320813935
1971-12-01,Shops_excess,ols4_restricted,-0.017272808082437807,0.004657160896273105,0.004657160896273105
1970-08-01,Utils_excess,random_forest,-0.043675612110361195,0.0046338396990848185,0.0046338396990848185
1971-12-01,Enrgy_excess,random_forest,0.027437462523107414,-0.0046319607719975675,0.0046319607719975675
1971-05-01,Enrgy_excess,ols4_restricted,0.004136518745252449,0.00462956519237423,0.00462956519237423
1972-04-01,Utils_excess,ols_restricted,-0.041620577310160334,0.004626324536724402,0.004626324536724402
1972-06-01,Durbl_excess,ols_restricted,-0.01733996883068345,-0.00462607723674191,0.00462607723674191
1970-09-01,Hlth_excess,random_forest,-0.00386033077389647,-0.004625509044073994,0.004625509044073994
1972-10-01,Utils_excess,random_forest,-0.02874298761994587,-0.004619716470136481,0.004619716470136481
1970-08-01,Shops_excess,ols4_restricted,-0.02478357589225544,-0.00461931433927365,0.00461931433927365
1975-01-01,HiTec_excess,ols_restricted,-0.026698873760933717,0.004614202335480488,0.004614202335480488
1970-10-01,Telcm_excess,ols_restricted,0.049156981970699065,0.004608233876099321,0.004608233876099321
1971-08-01,HiTec_excess,ols_restricted,-0.014147279830922788,-0.004601452597177591,0.004601452597177591
1970-11-01,Utils_excess,random_forest,-0.04671436719747013,-0.004599174739328138,0.004599174739328138
1971-07-01,Shops_excess,ols_restricted,-0.017679094596137368,-0.004596607459974811,0.004596607459974811
1971-08-01,Utils_excess,ols_restricted,-0.03940967823498842,0.0045869096395152464,0.0045869096395152464
1972-12-01,Other_excess,ols_restricted,-0.008503201969969565,-0.004578555704035203,0.004578555704035203
1972-11-01,Enrgy_excess,ols_restricted,0.027607038046070786,0.004572971851440788,0.004572971851440788
1975-04-01,Manuf_excess,ols_restricted,-0.008703841346062946,-0.004551932849075291,0.004551932849075291
1970-02-01,Hlth_excess,ols_restricted,-0.01760269283489113,0.004546306672595479,0.004546306672595479
1975-05-01,Utils_excess,ols4_restricted,0.0378871822709228,-0.004535938848898136,0.004535938848898136
1975-12-01,Hlth_excess,random_forest,0.009055073497678867,0.004530816993680298,0.004530816993680298
1970-02-01,Telcm_excess,random_forest,0.0038798055536113374,0.004526781754850884,0.004526781754850884
1972-04-01,Utils_excess,elastic_net_restricted,-0.03369072917158,0.004525463940270091,0.004525463940270091
1971-08-01,Utils_excess,elastic_net_restricted,-0.033568727570940426,0.004518464080047968,0.004518464080047968
1970-03-01,Hlth_excess,ols4_restricted,-0.02314059754188391,-0.004514687470846379,0.004514687470846379
1971-03-01,Hlth_excess,ols_restricted,-0.030438131750840203,-0.00450992655479876,0.00450992655479876
1970-03-01,Shops_excess,random_forest,-0.013320625427822419,0.0044978766184762264,0.0044978766184762264
1970-06-01,Enrgy_excess,ols4_restricted,0.05090394466364956,0.0044922352234533225,0.0044922352234533225
1970-12-01,Utils_excess,random_forest,-0.05118925688066245,-0.004474889683192318,0.004474889683192318
1970-11-01,Enrgy_excess,ridge_restricted,0.04295660543740154,-0.004468871424525456,0.004468871424525456
1975-01-01,Shops_excess,ridge_restricted,0.004219390232454323,-0.004462125085547997,0.004462125085547997
1970-05-01,NoDur_excess,elastic_net_restricted,-0.026150051997870793,0.0044612467178228865,0.0044612467178228865
1970-10-01,Durbl_excess,ols_restricted,0.013561475611726048,0.004460375150607709,0.004460375150607709
1971-03-01,NoDur_excess,elastic_net_restricted,-0.038334437785246145,-0.004454322141324019,0.004454322141324019
1970-01-01,NoDur_excess,ols_restricted,-0.04355164119517263,0.0044536261389716,0.0044536261389716
1970-10-01,Durbl_excess,elastic_net_restricted,0.016580757093013765,0.0044338124753450225,0.0044338124753450225
1975-02-01,Manuf_excess,ols4_restricted,0.03019738129028382,-0.004433283299391966,0.004433283299391966
1970-11-01,Durbl_excess,ridge_restricted,0.028355624848746652,-0.004424592945279304,0.004424592945279304
1971-10-01,Manuf_excess,random_forest,0.009185309573775724,0.004410741134426077,0.004410741134426077
1970-05-01,NoDur_excess,random_forest,0.035482413892972686,0.004400062713239117,0.004400062713239117
1971-06-01,Utils_excess,elastic_net_restricted,-0.041872717361570944,-0.004400011472159404,0.004400011472159404
1972-02-01,Shops_excess,ols4_restricted,-0.013482906632458214,0.00439406194119063,0.00439406194119063
1970-09-01,Shops_excess,ols4_restricted,-0.029165499848135434,-0.004381923955879996,0.004381923955879996
1970-06-01,Enrgy_excess,elastic_net_restricted,0.06127548762897328,0.004346819580787975,0.004346819580787975
1971-06-01,Utils_excess,ols_restricted,-0.04830402873204043,-0.004331947045964624,0.004331947045964624
1971-05-01,NoDur_excess,ols_restricted,-0.0264931424777739,0.0043309821592905084,0.0043309821592905084
1970-04-01,NoDur_excess,random_forest,0.03108235117973357,0.004310535705929763,0.004310535705929763
1971-07-01,Utils_excess,ols_restricted,-0.04399658787450367,0.0043074408575367595,0.0043074408575367595
1970-06-01,Enrgy_excess,ols_restricted,0.06412582043483539,0.004306856098193368,0.004306856098193368
1970-07-01,Utils_excess,ridge_restricted,-0.0025420228162382763,-0.00428769653129224,0.00428769653129224
1970-10-01,Telcm_excess,ols4_restricted,0.061305360173163015,0.004283500945216345,0.004283500945216345
1975-07-01,HiTec_excess,ols4_restricted,0.02231943510339096,0.0042652792772526205,0.0042652792772526205
1972-08-01,Enrgy_excess,ols_restricted,0.02332267830910817,0.004263318009657846,0.004263318009657846
1972-02-01,Utils_excess,ols_restricted,-0.04721024477374658,0.00426261293301855,0.00426261293301855
1970-12-01,Utils_excess,elastic_net_restricted,-0.04805340652930323,-0.004255001654345669,0.004255001654345669
1975-10-01,Hlth_excess,ols4_restricted,-0.003191692810010638,-0.0042536285415186725,0.0042536285415186725
1971-12-01,Utils_excess,elastic_net_restricted,-0.043607532236265456,-0.004239188400235072,0.004239188400235072
1976-01-01,HiTec_excess,elastic_net_restricted,-0.026119527821592436,-0.0042264910177722825,0.0042264910177722825
1971-02-01,Utils_excess,ols4_restricted,0.042756625247242,0.0042221758981351165,0.0042221758981351165
1970-09-01,Hlth_excess,ols4_restricted,-0.025836803871934766,-0.004210194488291741,0.004210194488291741
1970-06-01,Enrgy_excess,ridge_restricted,0.0712259780689306,0.004207307362885659,0.004207307362885659
1970-03-01,Utils_excess,ols_restricted,-0.08600779670741598,-0.0042064607371608,0.0042064607371608
1971-05-01,Durbl_excess,ols4_restricted,0.023316956335085015,-0.004187706168611527,0.004187706168611527
1971-10-01,Shops_excess,ols_restricted,-0.017487412070727126,0.004186201382115673,0.004186201382115673
1972-02-01,Utils_excess,elastic_net_restricted,-0.03917087513521755,0.004177530390684581,0.004177530390684581
1971-05-01,Manuf_excess,ols4_restricted,0.01672848971543539,0.004175563091386558,0.004175563091386558
1970-10-01,Durbl_excess,random_forest,0.013205592673232402,0.004174057683710153,0.004174057683710153
1975-06-01,Utils_excess,random_forest,-0.018235685856927697,0.004156198065222938,0.004156198065222938
1971-08-01,Other_excess,ols4_restricted,-0.007724263119971431,-0.004155545444786801,0.004155545444786801
1971-04-01,Shops_excess,ols4_restricted,-0.01392959298614782,0.004126527086387943,0.004126527086387943
1972-11-01,Durbl_excess,ridge_restricted,0.01942224211927157,-0.0041236483176518846,0.0041236483176518846
1971-05-01,Manuf_excess,ols_restricted,0.023672754548698882,0.004108076385339499,0.004108076385339499
1971-05-01,Manuf_excess,elastic_net_restricted,0.025180440760624534,0.004093424182602612,0.004093424182602612
1972-07-01,Durbl_excess,ols_restricted,-0.02142766577500277,-0.004087696944319319,0.004087696944319319
1971-12-01,HiTec_excess,ols_restricted,-0.01263459156782809,-0.004070980485428866,0.004070980485428866
1972-11-01,Manuf_excess,ols4_restricted,0.0027501245847866285,-0.004053812767517595,0.004053812767517595
1970-04-01,Telcm_excess,random_forest,0.0003532095185126982,-0.0040445324748884515,0.0040445324748884515
1971-09-01,Telcm_excess,ols_restricted,0.032660852463417434,-0.004039703115372495,0.004039703115372495
1970-05-01,Durbl_excess,ridge_restricted,0.048806770797691024,0.00403850709695186,0.00403850709695186
1976-01-01,Utils_excess,random_forest,-0.012164665760420412,0.004027402790587775,0.004027402790587775
1972-11-01,Other_excess,ols_restricted,-0.003924646265934362,0.004027299708062371,0.004027299708062371
1972-03-01,Enrgy_excess,elastic_net_restricted,0.018592108670818064,0.004018962536977311,0.004018962536977311
1970-03-01,Hlth_excess,elastic_net_restricted,-0.007075759683411231,0.00401868243853265,0.00401868243853265
1972-10-01,HiTec_excess,ols4_restricted,-0.007056999801687391,0.004002026235913725,0.004002026235913725
1970-12-01,HiTec_excess,ols4_restricted,-0.00012673891070313914,-0.003982857020479513,0.003982857020479513
1970-04-01,NoDur_excess,elastic_net_restricted,-0.03061129871569368,-0.003979347688711776,0.003979347688711776
1970-03-01,Shops_excess,ols4_restricted,-0.043527751401527315,0.003945863528030724,0.003945863528030724
1970-09-01,HiTec_excess,random_forest,0.0026724346969165813,-0.003937843876637537,0.003937843876637537
1976-01-01,Utils_excess,ols4_restricted,0.02749931443478615,-0.003911848148645647,0.003911848148645647
1971-05-01,Other_excess,ols_restricted,-0.0029398287727266936,0.0039111441414281245,0.0039111441414281245
1970-12-01,HiTec_excess,ols_restricted,-0.016067206122285738,-0.003908105618362079,0.003908105618362079
1971-07-01,Telcm_excess,random_forest,0.0013760110163365535,0.003908018317940298,0.003908018317940298
1975-10-01,Hlth_excess,ols_restricted,-0.02081216962346355,-0.0039036504169120967,0.0039036504169120967
1975-10-01,Hlth_excess,elastic_net_restricted,-0.02120910632969575,-0.003894260767779212,0.003894260767779212
1970-02-01,Manuf_excess,random_forest,0.022834269189617284,-0.003894168434642964,0.003894168434642964
1970-06-01,Shops_excess,elastic_net_restricted,-0.0066387913318264324,0.0038921669379690105,0.0038921669379690105
1971-03-01,Other_excess,ols_restricted,-0.0041611310761606735,-0.0038732546528603695,0.0038732546528603695
1971-06-01,Utils_excess,random_forest,-0.04004360251054706,-0.00386709793713802,0.00386709793713802
1971-08-01,HiTec_excess,elastic_net_restricted,-0.028485365180831446,-0.00386552455187239,0.00386552455187239
1975-10-01,Durbl_excess,elastic_net_restricted,0.0003475521485005739,-0.0038581518321184616,0.0038581518321184616
1975-01-01,Telcm_excess,random_forest,0.009876989031291528,-0.0038501689334735634,0.0038501689334735634
1972-06-01,Shops_excess,ols4_restricted,-0.01867383160059255,-0.003849993584599476,0.003849993584599476
1977-04-01,Hlth_excess,random_forest,0.011418470438417594,0.003846401181864967,0.003846401181864967
1971-05-01,Other_excess,elastic_net_restricted,-0.013312859132625476,0.0038375464809370374,0.0038375464809370374
1971-05-01,Shops_excess,ols4_restricted,-0.017766271441612025,-0.003836678455464204,0.003836678455464204
1975-07-01,Manuf_excess,ols_restricted,-0.007392514532910122,0.003834894470806649,0.003834894470806649
1970-12-01,HiTec_excess,elastic_net_restricted,-0.03306445286502879,-0.0038283985426981193,0.0038283985426981193
1971-03-01,Other_excess,ols4_restricted,-0.009187846071199157,-0.0038081896481843014,0.0038081896481843014
1975-09-01,Hlth_excess,ols_restricted,-0.016908519206551453,0.0037951981486654685,0.0037951981486654685
1971-03-01,Durbl_excess,ols_restricted,-0.008460203745295658,-0.003793445695185138,0.003793445695185138
1975-06-01,Utils_excess,elastic_net_restricted,-0.024274658166532292,-0.003787857720744192,0.003787857720744192
1971-07-01,Telcm_excess,ols_restricted,0.03566594730151129,0.0037867492254616275,0.0037867492254616275
1971-07-01,Utils_excess,elastic_net_restricted,-0.038087191650988395,0.003785525710582549,0.003785525710582549
1971-12-01,Durbl_excess,elastic_net_restricted,-0.003941775501904665,0.00378136717819344,0.00378136717819344
1970-09-01,NoDur_excess,random_forest,0.02479542511485977,-0.0037751656427790214,0.0037751656427790214
1972-11-01,NoDur_excess,elastic_net_restricted,-0.032773562137858425,0.0037710466005855814,0.0037710466005855814
1970-02-01,Hlth_excess,ols4_restricted,-0.018625910071037532,0.0037628657090971185,0.0037628657090971185
1972-09-01,Telcm_excess,ols4_restricted,0.034416336966338834,-0.003760888806509932,0.003760888806509932
1971-08-01,Durbl_excess,ols_restricted,-0.010123710078975057,-0.003743423111796762,0.003743423111796762
1970-05-01,Shops_excess,ridge_restricted,-0.004845417743261526,0.0037390351596870985,0.0037390351596870985
1972-09-01,Hlth_excess,ols_restricted,-0.023182642955867916,-0.0037379137125370665,0.0037379137125370665
1970-01-01,Manuf_excess,random_forest,0.02672843762426025,0.003731868832276053,0.003731868832276053
1971-03-01,Other_excess,elastic_net_restricted,-0.015496728664692538,-0.003726528468696033,0.003726528468696033
1971-12-01,HiTec_excess,elastic_net_restricted,-0.02607231525157072,-0.003715250621637134,0.003715250621637134
1970-08-01,Manuf_excess,ridge_restricted,0.036550984740961856,-0.0037129998724837465,0.0037129998724837465
1971-05-01,NoDur_excess,random_forest,0.0016207460514410243,0.0037088917912089236,0.0037088917912089236
1975-07-01,Telcm_excess,elastic_net_restricted,0.00010147653165237802,-0.003703635468052413,0.003703635468052413
1971-09-01,NoDur_excess,ols_restricted,-0.029282643445297074,-0.0037000303445542393,0.0037000303445542393
1970-02-01,Shops_excess,ols_restricted,-0.04538794850287409,0.0036859062914993412,0.0036859062914993412
1972-03-01,Enrgy_excess,ridge_restricted,0.045063815845426625,0.0036732773873129343,0.0036732773873129343
1975-10-01,Durbl_excess,ols_restricted,-0.013772377309094974,-0.0036574351326661425,0.0036574351326661425
1971-01-01,Utils_excess,random_forest,-0.05483253827709289,-0.0036432813964304422,0.0036432813964304422
1971-07-01,Telcm_excess,ols4_restricted,0.043180208121531005,0.0036420934016788697,0.0036420934016788697
1970-12-01,Durbl_excess,ridge_restricted,0.02471470887103422,-0.0036409159777124334,0.0036409159777124334
1971-07-01,Enrgy_excess,ols_restricted,0.019618278347499185,0.0036377567524727983,0.0036377567524727983
1970-03-01,Utils_excess,elastic_net_restricted,-0.08449946019230992,-0.0036326442009473325,0.0036326442009473325
1971-07-01,Enrgy_excess,elastic_net_restricted,0.020353655381600833,0.003631278534630633,0.003631278534630633
1970-09-01,NoDur_excess,ols4_restricted,-0.023061617586045857,-0.0036249130527266082,0.0036249130527266082
1975-07-01,Manuf_excess,elastic_net_restricted,0.004721015432253672,0.0036206894512802457,0.0036206894512802457
1976-01-01,Other_excess,ols4_restricted,0.010979089188666746,-0.0036182293975689506,0.0036182293975689506
1971-06-01,HiTec_excess,elastic_net_restricted,-0.03614987541526271,0.003616126794400598,0.003616126794400598
1972-09-01,Durbl_excess,ols_restricted,-0.02329919569776706,-0.003599270315701286,0.003599270315701286
1971-07-01,Manuf_excess,ridge_restricted,0.026671010587653532,0.003599181923639394,0.003599181923639394
1975-10-01,Telcm_excess,ols4_restricted,0.028446948126001348,-0.003587609266690772,0.003587609266690772
1975-09-01,Manuf_excess,ols_restricted,-0.002923829327241778,0.0035873099321597213,0.0035873099321597213
1972-06-01,Manuf_excess,ols4_restricted,0.006361631231963649,0.0035804601830167204,0.0035804601830167204
1975-12-01,Hlth_excess,ols_restricted,-0.017485459977291562,0.003567141796823048,0.003567141796823048
1972-06-01,Shops_excess,ols_restricted,-0.017693120822058317,-0.00356132637960771,0.00356132637960771
1970-11-01,HiTec_excess,ols4_restricted,0.003856118109776374,-0.003558022970327368,0.003558022970327368
1975-04-01,Enrgy_excess,ols_restricted,0.01534333829880985,-0.0035577619873540245,0.0035577619873540245
1971-07-01,Utils_excess,random_forest,-0.03649142158872909,0.003552180921817971,0.003552180921817971
1971-09-01,Utils_excess,elastic_net_restricted,-0.037112887648377946,-0.0035441600774375193,0.0035441600774375193
1971-02-01,Enrgy_excess,random_forest,0.025288842222531804,-0.003534831591207377,0.003534831591207377
1976-12-01,Durbl_excess,ols_restricted,-0.0075074873857408075,0.003532525836808409,0.003532525836808409
1975-10-01,HiTec_excess,ols4_restricted,0.02122832700746624,-0.0035319449780059076,0.0035319449780059076
1971-08-01,Utils_excess,ols4_restricted,0.0516810232855579,0.003519488531813164,0.003519488531813164
1972-04-01,Utils_excess,random_forest,-0.024955775586879003,0.0035189790040919267,0.0035189790040919267
1971-06-01,HiTec_excess,ols_restricted,-0.02030348740826282,0.0035099601925907553,0.0035099601925907553
1971-07-01,Enrgy_excess,random_forest,0.028831278108239378,0.00350493215757397,0.00350493215757397
1970-11-01,HiTec_excess,ols_restricted,-0.012159100503923659,-0.003500737324686476,0.003500737324686476
1971-08-01,Manuf_excess,random_forest,0.003443319885369389,-0.003498080547852833,0.003498080547852833
1970-05-01,Manuf_excess,ridge_restricted,0.040292402620199286,0.0034906509599036406,0.0034906509599036406
1972-03-01,Enrgy_excess,random_forest,0.029625092838443057,0.0034871403458857086,0.0034871403458857086
1970-02-01,Other_excess,ols_restricted,-0.006363218257966041,-0.0034859891791798603,0.0034859891791798603
1970-06-01,NoDur_excess,ols4_restricted,-0.011358475276846969,0.003459210815724756,0.003459210815724756
1972-05-01,Enrgy_excess,random_forest,0.02766808112621899,-0.0034568067494212817,0.0034568067494212817
1970-12-01,NoDur_excess,elastic_net_restricted,-0.03990311686540737,-0.003450675615764398,0.003450675615764398
1970-08-01,HiTec_excess,random_forest,0.006610278573554118,-0.003449042698892124,0.003449042698892124
1970-02-01,Hlth_excess,random_forest,0.013622062331004048,0.00344594089805772,0.00344594089805772
1970-11-01,HiTec_excess,elastic_net_restricted,-0.029236054322330673,-0.003439653904680373,0.003439653904680373
1972-04-01,Utils_excess,ols4_restricted,0.05186226938992888,0.0034373060950551038,0.0034373060950551038
1970-12-01,Shops_excess,ols_restricted,-0.0218247500009765,-0.003435808774543414,0.003435808774543414
1975-04-01,Enrgy_excess,elastic_net_restricted,0.005017479663662616,-0.0034257060422483443,0.0034257060422483443
1970-04-01,NoDur_excess,ridge_restricted,0.004096168208046813,0.0034256636138170204,0.0034256636138170204
1970-08-01,Other_excess,ols_restricted,0.014215581430515156,-0.0034172920944266494,0.0034172920944266494
1971-06-01,HiTec_excess,ols4_restricted,-0.005442325934834846,0.0034103943475616294,0.0034103943475616294
1971-12-01,Manuf_excess,random_forest,0.006381183663039303,-0.0034074796938631247,0.0034074796938631247
1970-06-01,NoDur_excess,ols_restricted,-0.0041672143099962256,0.003400781378554596,0.003400781378554596
1970-11-01,Hlth_excess,ols_restricted,-0.015326292401396158,-0.0033980312758818965,0.0033980312758818965
1971-07-01,Enrgy_excess,ridge_restricted,0.047292129504899694,0.0033939672023330925,0.0033939672023330925
1970-03-01,Shops_excess,ridge_restricted,-0.01735722708612797,0.00339285684679691,0.00339285684679691
1972-10-01,HiTec_excess,ols_restricted,-0.020287272429442282,-0.003386878581137065,0.003386878581137065
1975-09-01,Manuf_excess,elastic_net_restricted,0.008969516140632239,0.0033841366794880035,0.0033841366794880035
1970-08-01,Other_excess,ols4_restricted,0.009280497811000599,-0.003373605997724405,0.003373605997724405
1971-07-01,Utils_excess,ols4_restricted,0.04816153475374474,0.003370016368594353,0.003370016368594353
1971-01-01,Utils_excess,ols4_restricted,0.03853444934910688,-0.003365731202673139,0.003365731202673139
1972-05-01,Enrgy_excess,ols4_restricted,0.011724588133929958,-0.0033521024078810857,0.0033521024078810857
1972-01-01,Manuf_excess,random_forest,0.0030354407693043983,-0.0033457428937349043,0.0033457428937349043
1971-04-01,Durbl_excess,ols4_restricted,0.027504662503696542,0.003328972125132279,0.003328972125132279
1972-09-01,Other_excess,ols_restricted,-0.0073379531172415025,-0.0033276559356121282,0.0033276559356121282
1976-01-01,Durbl_excess,ols_restricted,-0.009643794254045934,0.003319290757362481,0.003319290757362481
1977-01-01,Durbl_excess,ols_restricted,-0.0108213726190034,-0.0033138852332625923,0.0033138852332625923
1970-08-01,Other_excess,elastic_net_restricted,0.0014461704288460941,-0.0033042553625576288,0.0033042553625576288
1971-07-01,Other_excess,ols4_restricted,-0.0035687176751846295,0.0033038039828352517,0.0033038039828352517
1970-10-01,Telcm_excess,elastic_net_restricted,0.031523543352157124,0.0032999649572342804,0.0032999649572342804
1972-11-01,Utils_excess,ols_restricted,-0.034260922041911446,0.0032984706165639643,0.0032984706165639643
1975-09-01,Hlth_excess,elastic_net_restricted,-0.017314845561916536,0.003296422365849372,0.003296422365849372
1972-02-01,NoDur_excess,random_forest,0.004294786032009834,-0.0032921891263988368,0.0032921891263988368
1971-04-01,Durbl_excess,ridge_restricted,0.01848569302567027,-0.003288217208799238,0.003288217208799238
1971-05-01,Other_excess,ols4_restricted,-0.008163405545513536,0.0032859734555894526,0.0032859734555894526
1977-06-01,Hlth_excess,random_forest,0.010085718378138098,-0.0032828368003152697,0.0032828368003152697
1975-06-01,NoDur_excess,random_forest,0.01878051075480025,0.003278811643648405,0.003278811643648405
1971-04-01,Enrgy_excess,random_forest,0.020545583875114515,-0.003278523805816058,0.003278523805816058
1975-10-01,Hlth_excess,random_forest,0.005206801854316434,-0.0032754522701846644,0.0032754522701846644
1971-04-01,HiTec_excess,random_forest,-0.008011084784553368,-0.0032642620682346024,0.0032642620682346024
1970-01-01,NoDur_excess,elastic_net_restricted,-0.03387021090450748,-0.0032616238804554776,0.0032616238804554776
1975-06-01,Utils_excess,ols_restricted,-0.038243606529672514,-0.0032608285130648618,0.0032608285130648618
1972-02-01,Utils_excess,ols4_restricted,0.047563721429660144,0.0032595977273224275,0.0032595977273224275
1975-02-01,Manuf_excess,random_forest,-0.0032848090413497566,-0.0032505566694538413,0.0032505566694538413
1972-01-01,HiTec_excess,elastic_net_restricted,-0.02932277397572136,-0.00325045872415064,0.00325045872415064
1975-06-01,Enrgy_excess,random_forest,0.007982117188920279,0.0032457571100193983,0.0032457571100193983
1971-07-01,Enrgy_excess,ols4_restricted,0.007246826801799666,0.0032422182645688302,0.0032422182645688302
1971-08-01,Manuf_excess,ridge_restricted,0.02343347465832335,-0.003237535929330182,0.003237535929330182
1971-10-01,Shops_excess,elastic_net_restricted,-0.019220688973502265,0.0032365435901546835,0.0032365435901546835
1972-06-01,Other_excess,ols4_restricted,-0.008228863893287697,0.0032331710330910646,0.0032331710330910646
1975-06-01,Durbl_excess,ols_restricted,-0.01455372016459533,-0.00322607692514687,0.00322607692514687
1972-06-01,HiTec_excess,ols4_restricted,-0.010992401605818936,0.0032234452415453863,0.0032234452415453863
1971-09-01,Shops_excess,ols_restricted,-0.0216736134528428,-0.0032187471425109138,0.0032187471425109138
1971-07-01,Durbl_excess,ridge_restricted,0.024790802465291084,0.0032167607043794844,0.0032167607043794844
1972-04-01,Durbl_excess,ols_restricted,-0.010079449079089864,-0.003215977577924578,0.003215977577924578
1971-10-01,Other_excess,ols4_restricted,-0.003748784983549136,0.003214498484185979,0.003214498484185979
1975-10-01,Telcm_excess,ols_restricted,0.006209888239017136,-0.003212744302858561,0.003212744302858561
1971-01-01,Shops_excess,ols4_restricted,-0.025639097126697985,0.003212245478100284,0.003212245478100284
1970-03-01,Telcm_excess,ols4_restricted,0.05790323279518916,-0.003210874981763645,0.003210874981763645
1976-12-01,Enrgy_excess,random_forest,0.006408738087815169,0.0032102622051143337,0.0032102622051143337
1970-08-01,Shops_excess,random_forest,-0.006113840354664335,-0.003208316414796686,0.003208316414796686
1975-11-01,Telcm_excess,elastic_net_restricted,0.0035274203431201467,0.0032027788948971736,0.0032027788948971736
1976-11-01,Hlth_excess,elastic_net_restricted,-0.015692291786966406,0.0031993724884469277,0.0031993724884469277
1976-03-01,Enrgy_excess,ols_restricted,0.008853290680869708,-0.003195242407371346,0.003195242407371346
1970-11-01,NoDur_excess,elastic_net_restricted,-0.036452441249642975,-0.003192552213950428,0.003192552213950428
1975-05-01,Utils_excess,elastic_net_restricted,-0.0204868004457881,-0.0031917745472569425,0.0031917745472569425
1976-06-01,HiTec_excess,ols4_restricted,0.00945553310740277,-0.0031852213200345147,0.0031852213200345147
1977-10-01,Telcm_excess,random_forest,0.009293264139553337,-0.0031840939921929934,0.0031840939921929934
1976-04-01,Shops_excess,random_forest,-0.006457713449430802,-0.0031811344013397136,0.0031811344013397136
1970-09-01,Enrgy_excess,random_forest,0.03884461906010117,-0.003165097926637439,0.003165097926637439
1970-03-01,Other_excess,ols4_restricted,-0.009881020493531567,0.0031534521668989957,0.0031534521668989957
1975-08-01,Hlth_excess,random_forest,0.0056299872829516096,0.0031397230480090244,0.0031397230480090244
1970-02-01,Shops_excess,random_forest,-0.017818502046298645,-0.00313236300065034,0.00313236300065034
1971-02-01,Enrgy_excess,ridge_restricted,0.04034470545192059,-0.0031189284399679718,0.0031189284399679718
1970-09-01,Enrgy_excess,ols_restricted,0.029716396537909806,-0.00311817824481464,0.00311817824481464
1975-10-01,Telcm_excess,elastic_net_restricted,0.00032464144822297314,-0.0031135327687535908,0.0031135327687535908
1972-12-01,Utils_excess,elastic_net_restricted,-0.037907979897511046,-0.003112434175676748,0.003112434175676748
1970-09-01,Enrgy_excess,elastic_net_restricted,0.02724799505221953,-0.00311121140324222,0.00311121140324222
1970-03-01,Other_excess,ols_restricted,-0.0032591387156306606,0.0031040795423353806,0.0031040795423353806
1972-09-01,NoDur_excess,elastic_net_restricted,-0.035304831013620586,-0.003101663155133494,0.003101663155133494
1972-11-01,Other_excess,elastic_net_restricted,-0.011877615442840384,0.003100862919334979,0.003100862919334979
1975-09-01,Manuf_excess,ols4_restricted,0.02605128795704159,0.003092329874522126,0.003092329874522126
1972-01-01,Manuf_excess,ols_restricted,0.017104705780346507,-0.003088070448036939,0.003088070448036939
1976-03-01,Enrgy_excess,elastic_net_restricted,-0.0005291405688705453,-0.0030871594102970246,0.0030871594102970246
1970-09-01,Enrgy_excess,ols4_restricted,0.01826619053737366,-0.003085861066414064,0.003085861066414064
1970-10-01,Shops_excess,ols_restricted,-0.01182028082211084,0.0030802528849600552,0.0030802528849600552
1972-01-01,Manuf_excess,ols4_restricted,0.013205185375123607,-0.0030763296940310436,0.0030763296940310436
1971-02-01,NoDur_excess,elastic_net_restricted,-0.033880115643922126,0.003069175707028915,0.003069175707028915
1976-12-01,Durbl_excess,elastic_net_restricted,0.003728935130347666,0.0030485784191019993,0.0030485784191019993
1972-02-01,NoDur_excess,elastic_net_restricted,-0.026377734142973175,0.0030434664113054843,0.0030434664113054843
1971-07-01,Telcm_excess,elastic_net_restricted,0.02150279035687208,0.0030424105891280195,0.0030424105891280195
1975-03-01,Shops_excess,ols_restricted,-0.01579817505385117,-0.0030416175078151753,0.0030416175078151753
1975-10-01,HiTec_excess,ols_restricted,-0.020817293433945894,-0.003036966504942118,0.003036966504942118
1975-10-01,HiTec_excess,elastic_net_restricted,-0.021233835378752897,-0.003032062800498281,0.003032062800498281
1975-07-01,Hlth_excess,random_forest,0.002490264234942585,0.0030292319524160005,0.0030292319524160005
1972-09-01,Telcm_excess,random_forest,-0.0006191163962534496,-0.0030272034193015163,0.0030272034193015163
1971-09-01,Telcm_excess,elastic_net_restricted,0.019537553501975835,-0.0030237140362194825,0.0030237140362194825
1975-11-01,Telcm_excess,ols_restricted,0.009217397028233876,0.0030075087892167396,0.0030075087892167396
1970-10-01,Shops_excess,elastic_net_restricted,-0.0165135252604085,0.002991930067720583,0.002991930067720583
1970-12-01,Telcm_excess,random_forest,-0.003440373741883107,-0.0029822313468939043,0.0029822313468939043
1970-11-01,Durbl_excess,ols4_restricted,0.024325154803237714,-0.002981393628670559,0.002981393628670559
1971-07-01,Other_excess,ols_restricted,0.001318551278012281,0.0029794690051139217,0.0029794690051139217
1977-06-01,Hlth_excess,ols4_restricted,0.0019119336492321448,-0.0029790538182691284,0.0029790538182691284
1971-09-01,Utils_excess,random_forest,-0.031538776565196214,0.0029593329893857767,0.0029593329893857767
1971-09-01,Enrgy_excess,ols4_restricted,0.012768115450820572,0.002959159297741709,0.002959159297741709
1971-01-01,NoDur_excess,elastic_net_restricted,-0.03694929135095104,0.002953825514456332,0.002953825514456332
1970-07-01,Other_excess,ridge_restricted,0.013908846071155612,-0.0029508439522681895,0.0029508439522681895
1976-11-01,Hlth_excess,ols4_restricted,-0.00023038901319649696,0.002945339442499195,0.002945339442499195
1972-06-01,Other_excess,ols_restricted,-0.003479306863267473,-0.0029378441673038047,0.0029378441673038047
1971-11-01,NoDur_excess,ols_restricted,-0.030279319040244168,-0.0029277757345469446,0.0029277757345469446
1975-06-01,Durbl_excess,elastic_net_restricted,0.00017189462267208633,-0.0029169444963172975,0.0029169444963172975
1972-10-01,Durbl_excess,random_forest,-0.003822896378656626,0.002911971379511824,0.002911971379511824
1970-06-01,Durbl_excess,elastic_net_restricted,0.04216815342477043,0.0029082495015986254,0.0029082495015986254
1971-04-01,Enrgy_excess,ols4_restricted,-0.000493046447121781,-0.002906898027004723,0.002906898027004723
1971-03-01,Manuf_excess,random_forest,0.0021545435959205994,-0.0028991917763687702,0.0028991917763687702
1975-10-01,NoDur_excess,elastic_net_restricted,-0.026063567832660617,-0.002896363053337847,0.002896363053337847
1970-07-01,Manuf_excess,ridge_restricted,0.0402639846134456,-0.0028929154988722727,0.0028929154988722727
1975-10-01,Utils_excess,ols4_restricted,0.03281339164404251,-0.002886467834087636,0.002886467834087636
1972-02-01,Manuf_excess,random_forest,0.00016381030757528503,-0.0028716304617291133,0.0028716304617291133
1970-10-01,Enrgy_excess,ols_restricted,0.026847159601180448,-0.002869236936729358,0.002869236936729358
1972-08-01,Utils_excess,random_forest,-0.024602806138952715,-0.0028675546332932456,0.0028675546332932456
1970-06-01,Manuf_excess,ridge_restricted,0.043156900112317875,0.0028644974921185895,0.0028644974921185895
1971-02-01,NoDur_excess,ols_restricted,-0.0259340465464879,0.00286391663536234,0.00286391663536234
1970-10-01,Enrgy_excess,elastic_net_restricted,0.024384447919124752,-0.0028635471330947793,0.0028635471330947793
1977-10-01,NoDur_excess,random_forest,0.011242552509554748,-0.0028609190423614095,0.0028609190423614095
1975-05-01,Utils_excess,ols_restricted,-0.03498277801660765,-0.00285797899894491,0.00285797899894491
1977-06-01,HiTec_excess,ols4_restricted,0.013709400302682084,-0.002853206515776474,0.002853206515776474
1975-09-01,Hlth_excess,random_forest,0.008482254124501099,0.002852266841549489,0.002852266841549489
1975-02-01,Shops_excess,ols_restricted,-0.012756557546035996,0.002851111710900023,0.002851111710900023
1972-11-01,Manuf_excess,random_forest,-0.002096538876161791,-0.0028503431172434146,0.0028503431172434146
1971-07-01,Durbl_excess,elastic_net_restricted,-0.0030477013089362792,0.0028462436068439345,0.0028462436068439345
1970-10-01,Enrgy_excess,ols4_restricted,0.015423346966592755,-0.0028428435707809063,0.0028428435707809063
1972-11-01,Enrgy_excess,elastic_net_restricted,0.022090295702708707,0.002834511424929409,0.002834511424929409
1971-12-01,Other_excess,ols_restricted,-0.0008733020989368789,0.002833738443873912,0.002833738443873912
1971-02-01,Utils_excess,elastic_net_restricted,-0.04885155376431083,-0.0028273082304062225,0.0028273082304062225
1971-03-01,Utils_excess,random_forest,-0.052527688090869384,-0.002812838046648336,0.002812838046648336
1970-05-01,Hlth_excess,ols4_restricted,-0.021908928387255777,0.002808986991487794,0.002808986991487794
1977-06-01,Hlth_excess,ols_restricted,-0.010107543745509373,-0.002807705819775075,0.002807705819775075
1970-05-01,Other_excess,ridge_restricted,0.014342863413957074,0.0028068344105155463,0.0028068344105155463
1972-01-01,Manuf_excess,elastic_net_restricted,0.018986319329964196,-0.0028050306238485145,0.0028050306238485145
1971-03-01,Shops_excess,random_forest,-0.03355980059125052,-0.0028013551958063765,0.0028013551958063765
1972-08-01,Telcm_excess,random_forest,0.0024080870230480667,-0.0027957770334978704,0.0027957770334978704
1971-07-01,HiTec_excess,ridge_restricted,0.0038721706030181435,0.0027910715934820196,0.0027910715934820196
1976-12-01,Utils_excess,ols4_restricted,0.021352786101747734,-0.002790291954727575,0.002790291954727575
1975-01-01,Enrgy_excess,ridge_restricted,0.02658696898539714,0.0027873527343922344,0.0027873527343922344
1971-12-01,Other_excess,elastic_net_restricted,-0.010150932200641893,0.0027862388316599596,0.0027862388316599596
1976-06-01,HiTec_excess,ols_restricted,-0.02866657718694343,-0.0027859231417783903,0.0027859231417783903
1976-06-01,HiTec_excess,elastic_net_restricted,-0.028742119939094257,-0.0027851318927347712,0.0027851318927347712
1972-03-01,Durbl_excess,random_forest,-0.012369749793007312,-0.002782223062928413,0.002782223062928413
1970-10-01,Utils_excess,ols_restricted,-0.03790090006519531,0.002775745476984559,0.002775745476984559
1971-01-01,Hlth_excess,ols_restricted,-0.025046929726517897,-0.002767202623919607,0.002767202623919607
1971-03-01,Enrgy_excess,ols_restricted,0.011399859396821643,-0.0027665543944819238,0.0027665543944819238
1977-06-01,Hlth_excess,elastic_net_restricted,-0.01314080138027407,-0.0027644641206925336,0.0027644641206925336
1975-02-01,Utils_excess,ols_restricted,-0.03432850441337232,-0.0027634612116815838,0.0027634612116815838
1971-03-01,Enrgy_excess,elastic_net_restricted,0.009942085701244219,-0.002763454340672711,0.002763454340672711
1970-05-01,Enrgy_excess,ridge_restricted,0.06701867070604495,-0.002761372730238909,0.002761372730238909
1971-07-01,Shops_excess,ols4_restricted,-0.021691614067439247,-0.002758084471917277,0.002758084471917277
1970-10-01,Utils_excess,elastic_net_restricted,-0.03370808000535841,0.0027565388971626525,0.0027565388971626525
1970-11-01,Other_excess,random_forest,0.009490677369872635,-0.00275629862855864,0.00275629862855864
1970-10-01,Shops_excess,random_forest,-0.01096845456237916,0.002750877395384377,0.002750877395384377
1972-12-01,Hlth_excess,ols_restricted,-0.023644442828397283,0.0027494948210780024,0.0027494948210780024
1970-05-01,Enrgy_excess,ols_restricted,0.05981896433664202,-0.002748785551959676,0.002748785551959676
1975-03-01,Shops_excess,elastic_net_restricted,-0.01127269734768932,-0.002744882859093023,0.002744882859093023
1975-02-01,Telcm_excess,ols4_restricted,0.028743586658336095,-0.002744572849521343,0.002744572849521343
1970-05-01,Enrgy_excess,elastic_net_restricted,0.056928668048185305,-0.0027437324744039593,0.0027437324744039593
1976-10-01,Enrgy_excess,random_forest,0.003743860870661919,-0.0027410208251213986,0.0027410208251213986
1970-03-01,NoDur_excess,ols_restricted,-0.036072097700597494,0.002740968371104602,0.002740968371104602
1975-10-01,NoDur_excess,ols_restricted,-0.031332813718471186,-0.0027381567431628007,0.0027381567431628007
1976-01-01,Utils_excess,elastic_net_restricted,-0.019862453853894735,0.002727319050437993,0.002727319050437993
1970-05-01,Enrgy_excess,ols4_restricted,0.046411709440196236,-0.002725345775535515,0.002725345775535515
1975-07-01,Utils_excess,ols_restricted,-0.03552154719070244,0.002722059338970073,0.002722059338970073
1976-06-01,Hlth_excess,random_forest,0.00384574688372763,-0.0027217107595736145,0.0027217107595736145
1970-09-01,Enrgy_excess,ridge_restricted,0.04882422574473466,-0.0027209895439738174,0.0027209895439738174
1976-12-01,Utils_excess,random_forest,-0.00935518783765521,0.002720157829441572,0.002720157829441572
1972-11-01,Other_excess,ols4_restricted,-0.009120464418113983,-0.0027196859519125205,0.0027196859519125205
1971-02-01,Shops_excess,elastic_net_restricted,-0.009939998888701007,0.002719148886427325,0.002719148886427325
1972-06-01,Utils_excess,ols_restricted,-0.03791330171726126,0.002718900522571621,0.002718900522571621
1970-07-01,NoDur_excess,ridge_restricted,0.0037087074913828566,-0.0027123400937899556,0.0027123400937899556
1970-09-01,Other_excess,ridge_restricted,0.009479307915797652,-0.002700291306894198,0.002700291306894198
1971-11-01,Shops_excess,ols_restricted,-0.020185169623510246,-0.00269775755278312,0.00269775755278312
1971-02-01,Shops_excess,ols_restricted,-0.007180777004389904,0.0026959162160580252,0.0026959162160580252
1971-04-01,Other_excess,ols_restricted,-0.006850972914154818,-0.0026898418379941447,0.0026898418379941447
1972-05-01,HiTec_excess,ols4_restricted,-0.014215846847364322,-0.002689545557141626,0.002689545557141626
1970-09-01,Shops_excess,elastic_net_restricted,-0.019505455328129084,-0.0026803478340433617,0.0026803478340433617
1975-12-01,Hlth_excess,elastic_net_restricted,-0.018559479950984947,0.0026802322928161093,0.0026802322928161093
1972-05-01,HiTec_excess,ols_restricted,-0.018037337980969737,-0.002680086634465173,0.002680086634465173
1971-02-01,Utils_excess,ols_restricted,-0.055649752793340834,-0.0026792523552270353,0.0026792523552270353
1975-10-01,NoDur_excess,ols4_restricted,0.002970117766254887,-0.0026781630251898614,0.0026781630251898614
1976-12-01,Enrgy_excess,elastic_net_restricted,9.789290711936793e-06,0.0026769462270946898,0.0026769462270946898
1972-06-01,HiTec_excess,elastic_net_restricted,-0.030424880106485475,0.0026764014938271963,0.0026764014938271963
1972-06-01,Telcm_excess,ols4_restricted,0.043195391366599,0.002676194068735871,0.002676194068735871
1972-06-01,Utils_excess,elastic_net_restricted,-0.030035749273449763,0.002675671541681357,0.002675671541681357
1976-01-01,Utils_excess,ols_restricted,-0.03263256572191087,0.0026738483009485225,0.0026738483009485225
1970-11-01,Utils_excess,ridge_restricted,-0.004551025082091487,-0.0026718326986527874,0.0026718326986527874
1977-06-01,Utils_excess,random_forest,-0.00787046429637317,0.0026701227443597375,0.0026701227443597375
1975-10-01,Shops_excess,elastic_net_restricted,-0.015086181890735961,-0.002668934210586338,0.002668934210586338
1975-05-01,Enrgy_excess,ridge_restricted,0.022189920573690736,-0.002664850423148901,0.002664850423148901
1977-10-01,Telcm_excess,ols4_restricted,0.01681923624905668,0.002662066135741714,0.002662066135741714
1971-04-01,Durbl_excess,ols_restricted,-0.011117147341036304,-0.002656943595740646,0.002656943595740646
1970-04-01,Utils_excess,ridge_restricted,-0.00038162020490628557,0.002644098608311385,0.002644098608311385
1970-03-01,Manuf_excess,ols4_restricted,0.028039143398041033,0.0026409054221300243,0.0026409054221300243
1972-05-01,Enrgy_excess,ridge_restricted,0.043741863811736836,-0.0026381149989156416,0.0026381149989156416
1972-05-01,Durbl_excess,ols_restricted,-0.01271389159394154,-0.002634442514851676,0.002634442514851676
1970-01-01,NoDur_excess,ridge_restricted,0.000815418149516578,0.0026322088151644607,0.0026322088151644607
1972-05-01,Enrgy_excess,ols_restricted,0.01877419911550915,-0.002626956748048581,0.002626956748048581
1977-10-01,Telcm_excess,ols_restricted,0.018867850317963786,0.002626937869495971,0.002626937869495971
1972-05-01,HiTec_excess,elastic_net_restricted,-0.03310128160031267,-0.0026190983708997972,0.0026190983708997972
1977-01-01,Hlth_excess,ols4_restricted,0.0004594480855083516,0.002616447476923356,0.002616447476923356
1971-03-01,Utils_excess,ols4_restricted,0.04014573115697795,-0.0026108940902640487,0.0026108940902640487
1970-03-01,Manuf_excess,ols_restricted,0.038136574797909883,0.002604281515588558,0.002604281515588558
1970-03-01,Manuf_excess,elastic_net_restricted,0.04032885266503927,0.002596330010246506,0.002596330010246506
1975-05-01,Enrgy_excess,ols4_restricted,0.008603502116527939,-0.002596180993519992,0.002596180993519992
1971-01-01,Other_excess,ridge_restricted,0.005691249178370161,-0.0025926936279945245,0.0025926936279945245
1975-10-01,Shops_excess,ols_restricted,-0.020058710049991824,-0.002583981379947309,0.002583981379947309
1970-01-01,Other_excess,elastic_net_restricted,-0.016358573386805686,-0.002582759822755687,0.002582759822755687
1975-07-01,Shops_excess,random_forest,-0.00916708650294673,-0.0025823368196780105,0.0025823368196780105
1971-03-01,HiTec_excess,ridge_restricted,-0.002295412573871891,-0.002580363300780042,0.002580363300780042
1971-07-01,Durbl_excess,ols_restricted,-0.006380286967178295,0.0025765430437807435,0.0025765430437807435
1975-10-01,Manuf_excess,ols4_restricted,0.023481898219040898,-0.0025693897380006936,0.0025693897380006936
1972-10-01,Durbl_excess,ols4_restricted,0.020992742586619317,0.0025671572116215957,0.0025671572116215957
1976-01-01,Shops_excess,elastic_net_restricted,-0.010065216519500764,0.0025641047385815963,0.0025641047385815963
1977-08-01,Utils_excess,random_forest,-0.010690961736430804,-0.0025627446184004476,0.0025627446184004476
1971-08-01,Enrgy_excess,ols4_restricted,0.009808956153078863,0.0025621293512791965,0.0025621293512791965
1972-06-01,Durbl_excess,elastic_net_restricted,-0.009454367638588979,-0.002557078996925144,0.002557078996925144
1977-01-01,Durbl_excess,elastic_net_restricted,0.0011878077242687413,-0.0025411274060789246,0.0025411274060789246
1971-09-01,NoDur_excess,elastic_net_restricted,-0.039884088629370096,-0.002541065705653267,0.002541065705653267
1975-09-01,Hlth_excess,ols4_restricted,0.0010619357315080347,0.00254074518592895,0.00254074518592895
1970-01-01,Utils_excess,ridge_restricted,-0.0014293289828291034,0.002536447487552662,0.002536447487552662
1971-01-01,NoDur_excess,ols_restricted,-0.02879796318185024,0.002535425081586551,0.002535425081586551
1976-12-01,Utils_excess,elastic_net_restricted,-0.018704758581051806,0.002519300886182796,0.002519300886182796
1970-06-01,Other_excess,ridge_restricted,0.0168596900234238,0.002516826609466727,0.002516826609466727
1977-06-01,HiTec_excess,ols_restricted,-0.024045603168265428,-0.002513744211118496,0.002513744211118496
1971-09-01,Utils_excess,ols4_restricted,0.054193809652146596,0.002512786366588693,0.002512786366588693
1977-06-01,HiTec_excess,elastic_net_restricted,-0.02460689118135506,-0.002508697565508866,0.002508697565508866
1977-10-01,Utils_excess,random_forest,-0.012883309077167393,-0.0025071635122710934,0.0025071635122710934
1971-05-01,HiTec_excess,ridge_restricted,-0.0001293497920535902,0.0025020146696306256,0.0025020146696306256
1972-06-01,NoDur_excess,ols_restricted,-0.018910539927571524,-0.002498332944737225,0.002498332944737225
1972-12-01,Other_excess,elastic_net_restricted,-0.014368635346366121,-0.0024910199035257374,0.0024910199035257374
1972-06-01,Manuf_excess,random_forest,0.00013537779425876195,0.002488184039336927,0.002488184039336927
1976-01-01,Shops_excess,ols_restricted,-0.01508948129354426,0.002487541051565456,0.002487541051565456
1972-11-01,Enrgy_excess,ridge_restricted,0.03394955685092271,-0.0024868930015737867,0.0024868930015737867
1975-05-01,HiTec_excess,ols4_restricted,0.018738454519698244,-0.0024732386427857023,0.0024732386427857023
1975-07-01,Enrgy_excess,random_forest,0.00551278509953701,-0.0024693320893832693,0.0024693320893832693
1972-06-01,Other_excess,elastic_net_restricted,-0.012323837311741359,-0.0024635981491556436,0.0024635981491556436
1975-10-01,Manuf_excess,elastic_net_restricted,0.006507735027491801,-0.0024617811131404377,0.0024617811131404377
1975-03-01,Manuf_excess,ols4_restricted,0.027736094515027454,-0.002461286775256366,0.002461286775256366
1972-07-01,NoDur_excess,ols_restricted,-0.02136964075445502,-0.002459100826883498,0.002459100826883498
1975-07-01,Hlth_excess,ols_restricted,-0.022840026299157268,0.002455747482362103,0.002455747482362103
1971-09-01,HiTec_excess,ols4_restricted,0.0023277729135307013,0.0024552928576468958,0.0024552928576468958
1971-03-01,Durbl_excess,elastic_net_restricted,-0.004838097448388368,-0.002440711020005537,0.002440711020005537
1977-01-01,Manuf_excess,ols4_restricted,0.018665577861130878,0.002438573888308926,0.002438573888308926
1976-10-01,HiTec_excess,ols_restricted,-0.024773333118007335,0.0024371167243131264,0.0024371167243131264
1977-01-01,Hlth_excess,random_forest,0.005362311979589474,0.002428312183401893,0.002428312183401893
1976-12-01,Manuf_excess,ols4_restricted,0.01622700397282195,-0.0024275421226144234,0.0024275421226144234
1971-06-01,HiTec_excess,random_forest,0.004536716182038547,0.0024270840448253894,0.0024270840448253894
1971-04-01,Other_excess,random_forest,-0.00905562213397082,-0.002424598874498196,0.002424598874498196
1971-10-01,Manuf_excess,elastic_net_restricted,0.02923998775885972,0.0024212829525848134,0.0024212829525848134
1971-03-01,Utils_excess,elastic_net_restricted,-0.051272596798376924,-0.002421043034066095,0.002421043034066095
1972-01-01,Hlth_excess,random_forest,-0.01367975887270112,-0.002417597402570637,0.002417597402570637
1970-09-01,Durbl_excess,ols_restricted,0.009101100461118339,-0.0024102403500918523,0.0024102403500918523
1971-12-01,Utils_excess,ols_restricted,-0.05078859656281942,-0.002407492727364291,0.002407492727364291
1971-03-01,Utils_excess,ols_restricted,-0.058056707071579394,-0.00240695427823856,0.00240695427823856
1970-09-01,Utils_excess,ols_restricted,-0.04067664554217987,0.0024021677611472114,0.0024021677611472114
1975-02-01,Shops_excess,elastic_net_restricted,-0.008527814488596297,0.0023875564127691096,0.0023875564127691096
1975-10-01,Manuf_excess,ols_restricted,-0.0053106869157888426,-0.0023868575885470644,0.0023868575885470644
1971-02-01,NoDur_excess,random_forest,-0.00020798054863835347,-0.0023840169825097846,0.0023840169825097846
1975-04-01,Enrgy_excess,ols4_restricted,0.011199683110047931,-0.0023829649407266507,0.0023829649407266507
1972-07-01,Durbl_excess,elastic_net_restricted,-0.011836850151738743,-0.002382482513149764,0.002382482513149764
1976-05-01,Shops_excess,random_forest,-0.00883607771573014,-0.0023783642662993376,0.0023783642662993376
1972-07-01,Other_excess,ols4_restricted,-0.005851639142081977,0.00237722475120572,0.00237722475120572
1970-03-01,Enrgy_excess,ols4_restricted,0.03738108666514961,0.0023733097756130084,0.0023733097756130084
1971-08-01,Durbl_excess,elastic_net_restricted,-0.005419046646842007,-0.002371345337905728,0.002371345337905728
1972-09-01,Manuf_excess,ols4_restricted,0.007167389614071595,0.0023673084560843494,0.0023673084560843494
1975-03-01,Manuf_excess,elastic_net_restricted,0.008512053891585492,-0.002358109120423446,0.002358109120423446
1970-01-01,NoDur_excess,ols4_restricted,-0.03054186326362296,0.002358097899130218,0.002358097899130218
1972-10-01,Enrgy_excess,random_forest,0.019098418231013436,-0.0023553830904133877,0.0023553830904133877
1971-09-01,Shops_excess,elastic_net_restricted,-0.022457232563656948,-0.0023441879133059285,0.0023441879133059285
1972-10-01,Enrgy_excess,ols4_restricted,0.0010097841127332252,-0.002343028716272788,0.002343028716272788
1970-09-01,Manuf_excess,ridge_restricted,0.0342151028216231,-0.002335881919338756,0.002335881919338756
1972-06-01,Shops_excess,elastic_net_restricted,-0.016221387458605685,-0.002335864981516389,0.002335864981516389
1971-07-01,NoDur_excess,random_forest,0.004481780034408911,0.00233521812179327,0.00233521812179327
1977-06-01,Utils_excess,ols4_restricted,0.019833121356561234,-0.0023342993897849107,0.0023342993897849107
1971-07-01,Other_excess,elastic_net_restricted,-0.009678042239887885,0.002332130059448545,0.002332130059448545
1970-03-01,Enrgy_excess,elastic_net_restricted,0.049169026963722384,0.0023303952337946354,0.0023303952337946354
1972-06-01,HiTec_excess,ols_restricted,-0.015707498827070676,0.0023298391538990604,0.0023298391538990604
1975-07-01,Telcm_excess,ols4_restricted,0.029081038127364844,0.0023277156627163897,0.0023277156627163897
1970-10-01,Enrgy_excess,random_forest,0.03651791779280311,-0.002326701267298059,0.002326701267298059
1977-04-01,Hlth_excess,elastic_net_restricted,-0.011355756690501151,0.0023243091132796323,0.0023243091132796323
1975-07-01,Telcm_excess,ols_restricted,0.006166123853578953,-0.002320513167505589,0.002320513167505589
1970-03-01,Enrgy_excess,ols_restricted,0.0524086175491254,0.0023186013544459483,0.0023186013544459483
1970-12-01,HiTec_excess,random_forest,0.0007212903543426519,-0.0023140851931359174,0.0023140851931359174
1976-03-01,Hlth_excess,ols_restricted,-0.018564408494531115,-0.002307867176358336,0.002307867176358336
1976-12-01,Enrgy_excess,ols_restricted,0.0075265193705655875,0.002305605740864025,0.002305605740864025
1975-08-01,Durbl_excess,ols_restricted,-0.011864409080039051,0.002304215295076739,0.002304215295076739
1970-11-01,Other_excess,ols_restricted,0.01128731428906149,-0.0023015444208591695,0.0023015444208591695
1971-12-01,Hlth_excess,random_forest,-0.011262161470130483,0.0023008613122352806,0.0023008613122352806
1975-04-01,HiTec_excess,ols4_restricted,0.021211693162483947,-0.0022992284795200213,0.0022992284795200213
1972-06-01,Durbl_excess,random_forest,-0.008203438918080508,0.002297144337616297,0.002297144337616297
1972-12-01,NoDur_excess,ols_restricted,-0.025714297770143002,-0.002295779177901247,0.002295779177901247
1972-11-01,Hlth_excess,ols_restricted,-0.026393937649475285,-0.0022955586082131774,0.0022955586082131774
1971-10-01,Enrgy_excess,elastic_net_restricted,0.019733589375628968,-0.002295473975254425,0.002295473975254425
1977-04-01,Hlth_excess,ols_restricted,-0.008272674151891923,0.0022948769087196563,0.0022948769087196563
1975-03-01,Manuf_excess,ols_restricted,-0.004151908496987655,-0.002292360536455318,0.002292360536455318
1972-12-01,Utils_excess,ols4_restricted,0.03611239621903772,0.0022869731926991044,0.0022869731926991044
1970-08-01,Telcm_excess,ols4_restricted,0.055015909689714815,-0.0022849608761242868,0.0022849608761242868
1970-11-01,Other_excess,ols4_restricted,0.006614894570623697,-0.0022826661530009895,0.0022826661530009895
1970-10-01,Utils_excess,ols4_restricted,0.07117980948169367,0.0022760657089395675,0.0022760657089395675
1970-10-01,Manuf_excess,ridge_restricted,0.03649062270155512,0.0022755198799320198,0.0022755198799320198
1975-10-01,Utils_excess,elastic_net_restricted,-0.023157564101776273,-0.002271168882232333,0.002271168882232333
1975-08-01,Telcm_excess,elastic_net_restricted,0.002372456393739064,0.002270979862086686,0.002270979862086686
1970-03-01,Enrgy_excess,random_forest,0.05421856759084609,0.0022695533723092742,0.0022695533723092742
1971-04-01,Other_excess,ols4_restricted,-0.011449379001102988,-0.002261532929903831,0.002261532929903831
1976-12-01,Manuf_excess,ols_restricted,-0.009986703943285269,-0.00226013667909597,0.00226013667909597
1972-10-01,Durbl_excess,elastic_net_restricted,-0.01487740004828364,-0.0022585574315361345,0.0022585574315361345
1972-07-01,Other_excess,ols_restricted,-0.005732097032305372,-0.0022527901690378993,0.0022527901690378993
1977-01-01,NoDur_excess,ols_restricted,-0.025573059416071242,-0.0022527214863792278,0.0022527214863792278
1970-11-01,Other_excess,elastic_net_restricted,-0.0008024601417320198,-0.002252697353642863,0.002252697353642863
1977-10-01,Manuf_excess,ols_restricted,-0.0002734786101228348,0.002251752021478204,0.002251752021478204
1975-02-01,NoDur_excess,ols_restricted,-0.025884795314150555,0.0022508249568697902,0.0022508249568697902
1971-01-01,HiTec_excess,random_forest,-0.0015236413494197354,-0.0022449317037623873,0.0022449317037623873
1971-10-01,Telcm_excess,elastic_net_restricted,0.021780266146012917,0.0022427126440370815,0.0022427126440370815
1972-02-01,Hlth_excess,random_forest,-0.0159220527796351,-0.0022422939069339787,0.0022422939069339787
1975-05-01,HiTec_excess,ols_restricted,-0.025341888230260956,-0.00224016164809826,0.00224016164809826
1975-05-01,HiTec_excess,elastic_net_restricted,-0.025778587974587763,-0.002237852576579158,0.002237852576579158
1972-04-01,Shops_excess,ols_restricted,-0.014351699228848602,-0.0022376636164787023,0.0022376636164787023
1975-01-01,Enrgy_excess,ols4_restricted,0.013153527090597583,-0.0022320490267381254,0.0022320490267381254
1977-01-01,NoDur_excess,elastic_net_restricted,-0.020915495512086713,-0.00222473873008755,0.00222473873008755
1971-02-01,HiTec_excess,ols4_restricted,-0.007477586610637799,-0.002224215487142134,0.002224215487142134
1972-06-01,NoDur_excess,elastic_net_restricted,-0.0294107129995429,-0.0022222242116602953,0.0022222242116602953
1972-05-01,Enrgy_excess,elastic_net_restricted,0.01763456633795013,-0.0022201682772258202,0.0022201682772258202
1970-11-01,Manuf_excess,ridge_restricted,0.034271194269918315,-0.002219428431636805,0.002219428431636805
1972-07-01,NoDur_excess,elastic_net_restricted,-0.031623335777343664,-0.0022126227778007657,0.0022126227778007657
1970-01-01,NoDur_excess,random_forest,0.023795450594326195,0.0022122756252885845,0.0022122756252885845
1975-08-01,Durbl_excess,elastic_net_restricted,0.002878013526576906,0.002210821039478228,0.002210821039478228
1972-06-01,Utils_excess,ols4_restricted,0.05495304510392407,0.0022092856947782957,0.0022092856947782957
1971-02-01,HiTec_excess,ols_restricted,-0.023266780673698806,-0.002207407510166348,0.002207407510166348
1975-08-01,Telcm_excess,ols_restricted,0.008373254462962332,0.0022071306093833787,0.0022071306093833787
1972-06-01,Telcm_excess,random_forest,0.005303971860514123,0.002198552805834808,0.002198552805834808
1971-11-01,NoDur_excess,elastic_net_restricted,-0.042428861637465065,-0.0021976421215714748,0.0021976421215714748
1971-02-01,HiTec_excess,elastic_net_restricted,-0.04010272555515715,-0.0021894852417587707,0.0021894852417587707
1975-06-01,Durbl_excess,random_forest,0.026439639887931632,0.0021886730566030854,0.0021886730566030854
1976-08-01,Telcm_excess,ols4_restricted,0.017171657643524907,-0.002187535777712246,0.002187535777712246
1971-10-01,Manuf_excess,ols_restricted,0.02713276508984841,0.002182620404703628,0.002182620404703628
1972-10-01,NoDur_excess,ols_restricted,-0.029621680828385344,-0.0021811571064573876,0.0021811571064573876
1972-03-01,Manuf_excess,elastic_net_restricted,0.011422100228068888,-0.002179614160837229,0.002179614160837229
1970-03-01,Hlth_excess,random_forest,0.011443647919382127,-0.0021784144116219206,0.0021784144116219206
1977-04-01,Hlth_excess,ols4_restricted,0.003944237611296031,0.002178249915572694,0.002178249915572694
1972-03-01,Manuf_excess,ols_restricted,0.009562451180094578,-0.002177271124820468,0.002177271124820468
1975-03-01,NoDur_excess,ols_restricted,-0.028058117025468787,-0.0021733217113182324,0.0021733217113182324
1972-03-01,Manuf_excess,ols4_restricted,0.005708450760825379,-0.0021724153366809995,0.0021724153366809995
1975-07-01,Telcm_excess,random_forest,0.008831515963174219,-0.0021720658788340064,0.0021720658788340064
1975-09-01,Other_excess,ols_restricted,-0.015412004515487299,0.002163832894854778,0.002163832894854778
1976-12-01,Utils_excess,ols_restricted,-0.03235195465484475,0.0021627849466505644,0.0021627849466505644
1971-05-01,Durbl_excess,ridge_restricted,0.02064788009577201,0.00216218707010174,0.00216218707010174
1971-11-01,Utils_excess,ols4_restricted,0.054595401513603536,0.0021619223298436907,0.0021619223298436907
1972-07-01,Hlth_excess,ols_restricted,-0.01886443400569804,0.002160536716116157,0.002160536716116157
1971-10-01,Telcm_excess,ols_restricted,0.03482027215259309,0.0021594196891756567,0.0021594196891756567
1975-03-01,NoDur_excess,elastic_net_restricted,-0.02273674859371866,-0.002156142591058785,0.002156142591058785
1971-10-01,Enrgy_excess,ols_restricted,0.020198650914309058,-0.0021554758906133786,0.0021554758906133786
1976-10-01,HiTec_excess,ols4_restricted,0.012787869601252777,0.0021527575269425503,0.0021527575269425503
1975-08-01,Other_excess,random_forest,0.01865771574650943,0.002152538047868968,0.002152538047868968
1971-11-01,Manuf_excess,ols4_restricted,0.02861663370964429,0.0021507748733117227,0.0021507748733117227
1975-09-01,Other_excess,elastic_net_restricted,-0.014181915239461329,0.0021477532077007755,0.0021477532077007755
1970-10-01,Durbl_excess,ridge_restricted,0.032780217794025956,0.002146270126817895,0.002146270126817895
1975-07-01,Utils_excess,ols4_restricted,0.03411741538163726,0.0021403894974147963,0.0021403894974147963
1970-09-01,Telcm_excess,elastic_net_restricted,0.028223578394922844,0.002139842857105001,0.002139842857105001
1972-07-01,Enrgy_excess,random_forest,0.030565774034287174,0.0021396449611257307,0.0021396449611257307
1971-10-01,Durbl_excess,ridge_restricted,0.021446441822704054,0.0021375861224551818,0.0021375861224551818
1975-08-01,Hlth_excess,ols_restricted,-0.020703717355216922,0.002136308943940346,0.002136308943940346
1970-03-01,Other_excess,random_forest,0.008768220116614489,0.0021356106401354547,0.0021356106401354547
1976-12-01,Other_excess,ols4_restricted,0.008439378953957855,-0.0021326108534549526,0.0021326108534549526
1975-10-01,Utils_excess,ols_restricted,-0.035815652678445,-0.0021320161997395726,0.0021320161997395726
1976-12-01,NoDur_excess,random_forest,0.014427531849192987,0.0021260404482086326,0.0021260404482086326
1975-06-01,Shops_excess,random_forest,-0.00658474968326872,0.00212484615803632,0.00212484615803632
1972-06-01,Manuf_excess,ols_restricted,0.00946160113133132,0.0021226074748781354,0.0021226074748781354
1975-07-01,Manuf_excess,ols4_restricted,0.022128651330243443,0.0021135534942088308,0.0021135534942088308
1972-09-01,Hlth_excess,elastic_net_restricted,-0.03464749454029592,-0.0021133399501997996,0.0021133399501997996
1972-11-01,Telcm_excess,elastic_net_restricted,0.014272327532744877,0.002110267701128432,0.002110267701128432
1975-06-01,Shops_excess,ols_restricted,-0.019565711546050357,-0.0021049844113634197,0.0021049844113634197
1971-01-01,Utils_excess,ols_restricted,-0.0529705004381138,0.0021026877607372985,0.0021026877607372985
1977-10-01,Manuf_excess,ols4_restricted,0.025707935672911297,0.0021013123741651096,0.0021013123741651096
1970-03-01,Manuf_excess,random_forest,0.024934699130589877,0.0021004299409725924,0.0021004299409725924
1972-10-01,Enrgy_excess,ridge_restricted,0.0364364498524965,-0.0020985333274677886,0.0020985333274677886
1975-04-01,HiTec_excess,ols_restricted,-0.023101726582162696,-0.0020979620659427045,0.0020979620659427045
1970-09-01,HiTec_excess,ridge_restricted,0.0021622697816172654,-0.002096912486831859,0.002096912486831859
1975-04-01,HiTec_excess,elastic_net_restricted,-0.023540735398008605,-0.0020959681388117435,0.0020959681388117435
1975-02-01,Durbl_excess,ols_restricted,-0.01013553218415475,0.0020936456095392852,0.0020936456095392852
1971-11-01,Shops_excess,elastic_net_restricted,-0.021312991743856147,-0.002092302770353882,0.002092302770353882
1976-06-01,Enrgy_excess,ols_restricted,0.005161416210145209,-0.0020894413790647492,0.0020894413790647492
1971-10-01,Telcm_excess,ols4_restricted,0.046684449682145024,0.0020836373311814427,0.0020836373311814427
1970-09-01,Utils_excess,elastic_net_restricted,-0.03646461890252106,0.002082882593636981,0.002082882593636981
1971-07-01,Shops_excess,random_forest,-0.032264520282030196,0.0020809054300647833,0.0020809054300647833
1971-08-01,Other_excess,ols_restricted,-0.0007501079226175378,-0.002068659200629819,0.002068659200629819
1972-09-01,Other_excess,elastic_net_restricted,-0.014712273218045802,-0.0020662476328239254,0.0020662476328239254
1970-09-01,Telcm_excess,ols_restricted,0.044548748094599744,0.002063941411288517,0.002063941411288517
1972-11-01,Enrgy_excess,random_forest,0.01703549020271289,-0.002062928028300548,0.002062928028300548
1976-03-01,Hlth_excess,elastic_net_restricted,-0.019919733628171787,-0.002059679709382589,0.002059679709382589
1970-06-01,Durbl_excess,ridge_restricted,0.050862975043513003,0.00205620424582198,0.00205620424582198
1977-01-01,Manuf_excess,ols_restricted,-0.00793158332418109,0.002055120619104178,0.002055120619104178
1972-02-01,Shops_excess,elastic_net_restricted,-0.012664568116193653,0.0020547200005680555,0.0020547200005680555
1971-12-01,HiTec_excess,ridge_restricted,0.0024942303800861154,-0.00205437363494243,0.00205437363494243
1972-08-01,Telcm_excess,elastic_net_restricted,0.01342650060179984,-0.0020406208858456676,0.0020406208858456676
1972-02-01,Utils_excess,random_forest,-0.02917106417879567,0.002035366210177081,0.002035366210177081
1972-02-01,Manuf_excess,ridge_restricted,0.018210318004470705,-0.002029847758185155,0.002029847758185155
1971-01-01,Utils_excess,elastic_net_restricted,-0.046024245533904606,0.0020291609953986267,0.0020291609953986267
1972-01-01,Shops_excess,ols_restricted,-0.014068670736479882,-0.0020252927243464836,0.0020252927243464836
1976-01-01,Shops_excess,random_forest,-0.0053566162371450066,0.002023694197029524,0.002023694197029524
1977-02-01,Utils_excess,ols_restricted,-0.03073158292883882,0.002023143146028472,0.002023143146028472
1975-11-01,Telcm_excess,ols4_restricted,0.02642488415764266,-0.0020220639683586894,0.0020220639683586894
1971-02-01,Durbl_excess,random_forest,-0.01053626442645017,-0.0020166008662185764,0.0020166008662185764
1971-04-01,Enrgy_excess,ols_restricted,0.009385342599147362,-0.0020145167976742817,0.0020145167976742817
1972-04-01,Durbl_excess,elastic_net_restricted,-0.0052443851702010935,-0.0020119724416907125,0.0020119724416907125
1970-09-01,Utils_excess,ols4_restricted,0.0689037437727541,0.0020080412495001587,0.0020080412495001587
1972-07-01,Shops_excess,ols4_restricted,-0.020680616799759077,-0.0020067851991665275,0.0020067851991665275
1970-09-01,Telcm_excess,ols4_restricted,0.05702185922794667,0.002005949538231855,0.002005949538231855
1975-07-01,Other_excess,ols_restricted,-0.01940868350033509,0.0019999844466311867,0.0019999844466311867
1975-06-01,Telcm_excess,ols4_restricted,0.026753322464648455,-0.0019974544477570078,0.0019974544477570078
1971-12-01,Utils_excess,random_forest,-0.03180174282026238,0.0019945924895592437,0.0019945924895592437
1971-08-01,Utils_excess,random_forest,-0.03449810955458199,0.001993312034147099,0.001993312034147099
1972-11-01,Manuf_excess,ols_restricted,0.010622357453980436,0.00199135042196108,0.00199135042196108
1972-02-01,Enrgy_excess,ols_restricted,0.014039047718360842,-0.001990728959753607,0.001990728959753607
1970-10-01,Telcm_excess,random_forest,0.007014253733965692,0.001987338613021916,0.001987338613021916
1970-08-01,Utils_excess,ols_restricted,-0.04307881330332708,-0.001985955681239826,0.001985955681239826
1975-05-01,NoDur_excess,random_forest,0.015501699111151845,0.0019852520390366557,0.0019852520390366557
1977-07-01,Manuf_excess,ols_restricted,-0.004189255348600263,0.0019810302641511957,0.0019810302641511957
1976-10-01,Manuf_excess,ols_restricted,-0.00827118330564125,0.0019771355233320076,0.0019771355233320076
1970-07-01,Hlth_excess,ols_restricted,-0.0018254487119773177,-0.001973898853734002,0.001973898853734002
1975-07-01,Shops_excess,ols4_restricted,0.006108123627621476,-0.001973324093164641,0.001973324093164641
1971-03-01,HiTec_excess,random_forest,-0.004746822716318766,-0.001973028797382703,0.001973028797382703
1972-04-01,Shops_excess,ols4_restricted,-0.015047242689245621,-0.0019729262682948168,0.0019729262682948168
1972-01-01,NoDur_excess,random_forest,0.007586975158408671,-0.001972346951892079,0.001972346951892079
1975-08-01,Telcm_excess,ols4_restricted,0.031046918079541075,0.0019658799521762305,0.0019658799521762305
1971-11-01,Manuf_excess,ols_restricted,0.029097830814890813,0.001965065725042403,0.001965065725042403
1971-10-01,Durbl_excess,ols4_restricted,0.01863858911297389,0.0019603076043457346,0.0019603076043457346
1971-05-01,Shops_excess,ols_restricted,-0.01363628548559559,0.0019595155038445444,0.0019595155038445444
1970-07-01,Hlth_excess,elastic_net_restricted,-0.03520903597602709,-0.0019576689354596777,0.0019576689354596777
1976-12-01,Telcm_excess,elastic_net_restricted,0.014229258421092572,0.001957350523539292,0.001957350523539292
1971-04-01,Shops_excess,random_forest,-0.035514660383780816,-0.0019548597925302946,0.0019548597925302946
1970-12-01,Shops_excess,elastic_net_restricted,-0.024931922703911757,-0.00195463412402086,0.00195463412402086
1977-05-01,Hlth_excess,random_forest,0.013368555178453367,0.0019500847400357735,0.0019500847400357735
1976-01-01,Durbl_excess,random_forest,0.027405835573207304,0.001946955104800474,0.001946955104800474
1970-02-01,NoDur_excess,random_forest,0.025738234678200134,0.0019427840838739385,0.0019427840838739385
1970-02-01,Shops_excess,ridge_restricted,-0.02075008393292488,-0.001939705460541008,0.001939705460541008
1971-04-01,Durbl_excess,elastic_net_restricted,-0.006774451180105112,-0.0019363537317167445,0.0019363537317167445
1977-03-01,Durbl_excess,ols_restricted,-0.007720383972401157,0.0019353227275402674,0.0019353227275402674
1971-05-01,Utils_excess,ridge_restricted,-0.002516233578519822,0.0019353225298377463,0.0019353225298377463
1972-11-01,Durbl_excess,elastic_net_restricted,-0.01294531879764782,0.0019320812506358198,0.0019320812506358198
1971-10-01,NoDur_excess,ols_restricted,-0.027351543305697223,0.0019311001395998506,0.0019311001395998506
1971-03-01,NoDur_excess,ols4_restricted,-0.02232735219114046,0.001930324579951348,0.001930324579951348
1977-02-01,Utils_excess,elastic_net_restricted,-0.0171172177777954,0.0019301158291240572,0.0019301158291240572
1975-11-01,HiTec_excess,ols4_restricted,0.019298961522533964,-0.0019293654849322772,0.0019293654849322772
1976-12-01,NoDur_excess,elastic_net_restricted,-0.018690756781999163,0.0019284032269950568,0.0019284032269950568
1970-08-01,HiTec_excess,ridge_restricted,0.004259182268449124,-0.0019274355367557838,0.0019274355367557838
1976-12-01,Hlth_excess,ols4_restricted,-0.0021569993914150043,-0.0019266103782185073,0.0019266103782185073
1970-12-01,Enrgy_excess,ols_restricted,0.01917801741611902,-0.0019240809849631058,0.0019240809849631058
1976-04-01,HiTec_excess,random_forest,0.009015827243819219,-0.0019180502073585792,0.0019180502073585792
1976-05-01,Durbl_excess,ols4_restricted,0.046837418280865406,-0.0019132585399379565,0.0019132585399379565
1975-07-01,Hlth_excess,elastic_net_restricted,-0.022516158114198825,0.0019124858660353183,0.0019124858660353183
1977-07-01,Manuf_excess,elastic_net_restricted,0.006346276016407915,0.001910750530627281,0.001910750530627281
1972-09-01,HiTec_excess,ols4_restricted,-0.011059026037601116,0.0019071880544958564,0.0019071880544958564
1975-08-01,Hlth_excess,elastic_net_restricted,-0.02061126792776591,0.001904890186432917,0.001904890186432917
1975-06-01,Telcm_excess,ols_restricted,0.008486637021084542,-0.0019040496995297307,0.0019040496995297307
1970-09-01,Durbl_excess,random_forest,0.00903153498952225,-0.0019033019185880073,0.0019033019185880073
1970-03-01,HiTec_excess,elastic_net_restricted,-0.06528262115347339,0.0019010033225246303,0.0019010033225246303
1972-02-01,Enrgy_excess,random_forest,0.026137952492557348,-0.001884574541314854,0.001884574541314854
1971-08-01,Enrgy_excess,ols_restricted,0.021502714373719423,0.0018844360262202375,0.0018844360262202375
1972-07-01,Enrgy_excess,ols4_restricted,0.01535492040648423,0.0018841169724159723,0.0018841169724159723
1972-08-01,Manuf_excess,ols4_restricted,0.004800081157987246,-0.0018789961610349293,0.0018789961610349293
1975-02-01,HiTec_excess,elastic_net_restricted,-0.021388969215843767,0.0018743187088001712,0.0018743187088001712
1970-12-01,Other_excess,ridge_restricted,0.008283942806364686,-0.001871931319844422,0.001871931319844422
1975-03-01,NoDur_excess,ols4_restricted,0.006279664133236551,-0.0018708547899197736,0.0018708547899197736
1972-08-01,Other_excess,ols4_restricted,-0.007719853021520562,-0.001868213879438585,0.001868213879438585
1972-08-01,HiTec_excess,ols4_restricted,-0.012966214092096973,-0.0018652492928215025,0.0018652492928215025
1976-10-01,Manuf_excess,elastic_net_restricted,0.0020036500291918946,0.0018631047115706956,0.0018631047115706956
1977-01-01,HiTec_excess,ols4_restricted,0.013086845725663099,0.0018559439706640202,0.0018559439706640202
1972-01-01,HiTec_excess,ridge_restricted,0.0006396188799562275,-0.001854611500129888,0.001854611500129888
1975-08-01,HiTec_excess,elastic_net_restricted,-0.019045345390936053,0.001853903103109733,0.001853903103109733
1975-08-01,HiTec_excess,ols_restricted,-0.018623357265662444,0.0018519280219424505,0.0018519280219424505
1975-02-01,Manuf_excess,elastic_net_restricted,0.010870163012008938,-0.0018506035333404336,0.0018506035333404336
1976-01-01,Telcm_excess,random_forest,0.011635720150115603,0.001850187320153851,0.001850187320153851
1977-04-01,HiTec_excess,elastic_net_restricted,-0.023070237455979026,0.0018437853806076987,0.0018437853806076987
1971-04-01,Shops_excess,ols_restricted,-0.015595800989440134,-0.0018417093843239307,0.0018417093843239307
1977-04-01,HiTec_excess,ols_restricted,-0.022502936359487302,0.0018409960907788125,0.0018409960907788125
1972-05-01,Hlth_excess,elastic_net_restricted,-0.03475411173075904,0.001840847514460675,0.001840847514460675
1977-11-01,Hlth_excess,ols4_restricted,0.0016118328575317475,-0.0018389121379560613,0.0018389121379560613
1975-08-01,Other_excess,ols_restricted,-0.017575837410342077,0.0018328460899930121,0.0018328460899930121
1976-02-01,Enrgy_excess,ols_restricted,0.012048533088241054,0.0018262538388617022,0.0018262538388617022
1975-08-01,Other_excess,elastic_net_restricted,-0.016329668447162105,0.0018213591000344476,0.0018213591000344476
1970-05-01,NoDur_excess,ridge_restricted,0.005917454163655189,0.001821285955608376,0.001821285955608376
1976-10-01,Manuf_excess,ols4_restricted,0.018128809905710974,0.0018185555820567911,0.0018185555820567911
1971-10-01,Hlth_excess,random_forest,-0.013581017498256909,0.0018166496139384591,0.0018166496139384591
1977-03-01,Hlth_excess,random_forest,0.007572069256552627,0.0018150262192693223,0.0018150262192693223
1972-07-01,Hlth_excess,elastic_net_restricted,-0.03221550648923577,0.001814289977907002,0.001814289977907002
1972-07-01,Durbl_excess,random_forest,-0.006395820652495665,0.0018076182655848427,0.0018076182655848427
1971-05-01,Manuf_excess,ridge_restricted,0.022703601247701766,0.0018070232849075607,0.0018070232849075607
1977-07-01,Manuf_excess,ols4_restricted,0.022021700842585146,0.0018061839319916118,0.0018061839319916118
1975-02-01,Manuf_excess,ols_restricted,-0.0018595479605323373,-0.0018019470214545308,0.0018019470214545308
1976-12-01,Hlth_excess,random_forest,0.0029339997961875808,-0.0017997733727539433,0.0017997733727539433
1975-07-01,HiTec_excess,random_forest,0.012996560706688531,-0.0017955156796107818,0.0017955156796107818
1972-02-01,NoDur_excess,ols_restricted,-0.01615461197952217,0.0017909057654621474,0.0017909057654621474
1972-11-01,NoDur_excess,ols4_restricted,-0.02204633552900881,-0.0017890062031213905,0.0017890062031213905
1975-11-01,HiTec_excess,ols_restricted,-0.022605443683412885,-0.001788150249466991,0.001788150249466991
1971-04-01,Hlth_excess,elastic_net_restricted,-0.04706732579764439,-0.001782998238987421,0.001782998238987421
1971-11-01,Utils_excess,ols_restricted,-0.04838110383545513,-0.0017829031449501098,0.0017829031449501098
1976-04-01,HiTec_excess,ols4_restricted,0.012493846561382194,0.0017818618184326507,0.0017818618184326507
1970-12-01,Durbl_excess,ols4_restricted,0.022544646599790052,-0.0017805082034476616,0.0017805082034476616
1972-11-01,Shops_excess,random_forest,-0.029221537626293648,-0.0017733151202574682,0.0017733151202574682
1970-05-01,Hlth_excess,ols_restricted,-0.0014667043936524848,0.0017717653111446463,0.0017717653111446463
1970-12-01,Enrgy_excess,random_forest,0.028213053499481666,-0.0017706182844822171,0.0017706182844822171
1977-01-01,Manuf_excess,elastic_net_restricted,0.00275918369111261,0.001764719691522476,0.001764719691522476
1972-08-01,Utils_excess,ridge_restricted,-0.0006974535341872645,-0.001761510306508396,0.001761510306508396
1972-06-01,Utils_excess,random_forest,-0.022332404006002005,0.0017613079326319614,0.0017613079326319614
1971-10-01,Utils_excess,ols4_restricted,0.052433479183759846,-0.0017603304683867504,0.0017603304683867504
1975-09-01,Other_excess,ols4_restricted,0.0159605757323652,0.001753731542513015,0.001753731542513015
1975-05-01,Enrgy_excess,random_forest,0.004736360078900881,0.0017517393624381095,0.0017517393624381095
1972-07-01,Other_excess,elastic_net_restricted,-0.014074320611932256,-0.001750483300190897,0.001750483300190897
1975-09-01,Durbl_excess,ols_restricted,-0.010114942176428832,0.0017494669036102195,0.0017494669036102195
1970-09-01,Shops_excess,ridge_restricted,-0.01582570977352704,-0.0017477630840261327,0.0017477630840261327
1972-06-01,Enrgy_excess,ols4_restricted,0.013470803434068257,0.0017462153001382985,0.0017462153001382985
1972-10-01,Durbl_excess,ridge_restricted,0.023545890436923456,0.0017454014741078439,0.0017454014741078439
1977-02-01,Enrgy_excess,ols_restricted,0.008667333928308651,0.0017446044027765728,0.0017446044027765728
1970-10-01,Other_excess,ridge_restricted,0.011223506110520254,0.0017441981947226015,0.0017441981947226015
1971-05-01,NoDur_excess,ols4_restricted,-0.023491351420864115,-0.001743556293382298,0.001743556293382298
1970-06-01,Hlth_excess,elastic_net_restricted,-0.033251367040567414,-0.0017421984098950904,0.0017421984098950904
1972-09-01,NoDur_excess,random_forest,0.008592573861665231,0.0017410724674097322,0.0017410724674097322
1971-05-01,Other_excess,random_forest,-0.0073150631650287234,0.0017405589689420964,0.0017405589689420964
1977-06-01,Enrgy_excess,random_forest,0.006204757080376155,0.0017369511654860004,0.0017369511654860004
1975-01-01,NoDur_excess,ridge_restricted,0.008766298263646388,-0.001729506772864653,0.001729506772864653
1970-08-01,Other_excess,ridge_restricted,0.01217959922269185,-0.0017292468484637613,0.0017292468484637613
1972-08-01,Durbl_excess,ols_restricted,-0.019699925382065775,0.0017277403929369939,0.0017277403929369939
1970-10-01,Durbl_excess,ols4_restricted,0.027306548431908273,0.00172756072902025,0.00172756072902025
1970-06-01,NoDur_excess,random_forest,0.037209292754744494,0.0017268788617718078,0.0017268788617718078
1972-08-01,Other_excess,ols_restricted,-0.004010297181629374,0.001721799850675998,0.001721799850675998
1971-01-01,Durbl_excess,elastic_net_restricted,-0.001978277873500467,-0.0017180021335985174,0.0017180021335985174
1977-11-01,HiTec_excess,ols4_restricted,0.015127304067808156,-0.0017178755322525552,0.0017178755322525552
1972-02-01,Enrgy_excess,ridge_restricted,0.04139053845811369,-0.0017131087602025863,0.0017131087602025863
1975-11-01,NoDur_excess,random_forest,0.014797448094901244,0.0017050372843937511,0.0017050372843937511
1977-01-01,Telcm_excess,elastic_net_restricted,0.012524369102783983,-0.001704889318308589,0.001704889318308589
1972-04-01,Shops_excess,elastic_net_restricted,-0.014093084326904703,-0.0017046477624929057,0.0017046477624929057
1976-05-01,Shops_excess,ols_restricted,-0.014645588028169065,0.0017042718469166829,0.0017042718469166829
1975-08-01,NoDur_excess,ols_restricted,-0.029963205170570273,0.001700472770138628,0.001700472770138628
1970-03-01,Utils_excess,random_forest,-0.04976761634484683,0.001700460914365598,0.001700460914365598
1970-11-01,Shops_excess,ridge_restricted,-0.01621530319364739,-0.0016986148246240784,0.0016986148246240784
1972-09-01,Shops_excess,ols_restricted,-0.02028544899673035,-0.0016985644985396675,0.0016985644985396675
1972-01-01,Durbl_excess,random_forest,-0.009736232005364442,-0.0016976928124627921,0.0016976928124627921
1977-01-01,Telcm_excess,ols_restricted,0.015422185936527888,-0.0016958030609788288,0.0016958030609788288
1976-01-01,Hlth_excess,ols4_restricted,-0.004694674234377638,-0.0016929044387521408,0.0016929044387521408
1977-05-01,Manuf_excess,ols_restricted,-0.0050260579974343855,0.0016910921798800604,0.0016910921798800604
1971-04-01,HiTec_excess,ols4_restricted,-0.017123380075059202,-0.001689923731339693,0.001689923731339693
1976-10-01,HiTec_excess,elastic_net_restricted,-0.025662437384905257,0.0016879595669638814,0.0016879595669638814
1976-05-01,Telcm_excess,ols4_restricted,0.021155753558614543,0.001687459924687995,0.001687459924687995
1972-05-01,Hlth_excess,ols_restricted,-0.021686268383662277,0.0016853465593333894,0.0016853465593333894
1971-04-01,HiTec_excess,ols_restricted,-0.03253380473399714,-0.0016826185775933311,0.0016826185775933311
1975-11-01,HiTec_excess,elastic_net_restricted,-0.02291394944933378,-0.0016801140705808848,0.0016801140705808848
1972-02-01,Enrgy_excess,ols4_restricted,0.008915796361629091,-0.0016781169567886556,0.0016781169567886556
1976-02-01,NoDur_excess,random_forest,0.018136689778399218,-0.0016750838296791803,0.0016750838296791803
1971-04-01,HiTec_excess,elastic_net_restricted,-0.04896586954500193,-0.0016748291258119608,0.0016748291258119608
1971-10-01,Utils_excess,elastic_net_restricted,-0.03878419265520883,-0.001671305006830881,0.001671305006830881
1975-08-01,NoDur_excess,elastic_net_restricted,-0.024512841402866137,0.0016680880648536345,0.0016680880648536345
1975-06-01,Other_excess,random_forest,0.017971758824431583,0.0016667973180434226,0.0016667973180434226
1972-02-01,Shops_excess,ols_restricted,-0.012402492797359388,0.0016661779391204945,0.0016661779391204945
1976-02-01,Utils_excess,ols4_restricted,0.02916447085659135,0.0016651564218052028,0.0016651564218052028
1970-04-01,HiTec_excess,ridge_restricted,0.005299175030386127,0.0016643612223139481,0.0016643612223139481
1975-05-01,Telcm_excess,ols4_restricted,0.028750776912405462,-0.0016641002952518802,0.0016641002952518802
1971-10-01,Utils_excess,ols_restricted,-0.04659820069050502,-0.0016636787907926553,0.0016636787907926553
1972-09-01,Durbl_excess,elastic_net_restricted,-0.012618842616747505,-0.0016628223224419703,0.0016628223224419703
1970-06-01,Hlth_excess,ols4_restricted,-0.020247763081872927,0.0016611653053828501,0.0016611653053828501
1970-11-01,NoDur_excess,ols4_restricted,-0.024565202262680774,-0.0016608077420916523,0.0016608077420916523
1977-02-01,Utils_excess,ols4_restricted,0.02293549008468032,0.0016564346177078138,0.0016564346177078138
1976-05-01,Telcm_excess,ols_restricted,0.018484714236939093,0.0016556599086066104,0.0016556599086066104
1977-10-01,Other_excess,random_forest,0.013759140450754104,-0.0016550603852878432,0.0016550603852878432
1971-04-01,Other_excess,elastic_net_restricted,-0.017150405613562514,-0.0016536769488699754,0.0016536769488699754
1977-04-01,HiTec_excess,ols4_restricted,0.01565653679444312,0.001653374683029396,0.001653374683029396
1970-03-01,Manuf_excess,ridge_restricted,0.03150373128337969,0.0016529888874463605,0.0016529888874463605
1972-05-01,Durbl_excess,elastic_net_restricted,-0.006897288641663835,-0.001652903471462741,0.001652903471462741
1975-08-01,HiTec_excess,ols4_restricted,0.02397199901773739,0.0016525639143464277,0.0016525639143464277
1977-08-01,Utils_excess,ols_restricted,-0.031133001660974546,0.0016508541230610962,0.0016508541230610962
1972-06-01,Manuf_excess,elastic_net_restricted,0.011116308924336238,0.0016463080949881137,0.0016463080949881137
1976-06-01,Utils_excess,ols4_restricted,0.028108640872182344,-0.0016423728439540763,0.0016423728439540763
1970-08-01,Shops_excess,ols_restricted,-0.007454475854288045,-0.0016417870325240447,0.0016417870325240447
1971-04-01,Utils_excess,ridge_restricted,-0.004451556108357568,0.0016409357146558445,0.0016409357146558445
1977-05-01,Manuf_excess,elastic_net_restricted,0.005595152531535863,0.0016387208375945317,0.0016387208375945317
1972-01-01,Other_excess,ols4_restricted,-0.00952814686389547,-0.0016373794372295247,0.0016373794372295247
1976-12-01,NoDur_excess,ols_restricted,-0.023320337929692014,0.0016355014706901372,0.0016355014706901372
1971-12-01,Durbl_excess,ridge_restricted,0.02015381665365623,-0.001635030104733648,0.001635030104733648
1970-10-01,HiTec_excess,random_forest,0.004307099051385599,0.0016346643544690176,0.0016346643544690176
1977-10-01,Telcm_excess,elastic_net_restricted,0.015163324548572277,0.0016343153679884148,0.0016343153679884148
1975-06-01,NoDur_excess,ols_restricted,-0.03216428121902304,-0.0016327990645723656,0.0016327990645723656
1972-06-01,Other_excess,random_forest,-0.005264514405089793,0.0016325604726961096,0.0016325604726961096
1977-01-01,Shops_excess,ols_restricted,-0.016676415574663928,-0.0016302968151165054,0.0016302968151165054
1975-01-01,NoDur_excess,ols_restricted,-0.028135620271020345,-0.0016265726459236962,0.0016265726459236962
1971-03-01,Manuf_excess,ridge_restricted,0.022283612999831504,-0.0016257458202146857,0.0016257458202146857
1971-06-01,Durbl_excess,ols_restricted,-0.008956830010959038,0.0016247781630838176,0.0016247781630838176
1971-05-01,Other_excess,ridge_restricted,0.005217309872655784,0.0016203704388991769,0.0016203704388991769
1975-06-01,Enrgy_excess,ols_restricted,0.007472982471464551,-0.0016177151546356017,0.0016177151546356017
1970-06-01,Hlth_excess,ols_restricted,0.00014845014175668414,0.001615154535409169,0.001615154535409169
1970-12-01,Shops_excess,ridge_restricted,-0.017828468724780944,-0.0016131655311335535,0.0016131655311335535
1975-07-01,Manuf_excess,random_forest,0.000891618561559171,-0.0016094930049898037,0.0016094930049898037
1970-03-01,Other_excess,elastic_net_restricted,-0.013361015569937074,0.0016087726022033788,0.0016087726022033788
1970-07-01,HiTec_excess,ols4_restricted,0.022282505396134966,-0.001607884407088589,0.001607884407088589
1972-01-01,NoDur_excess,ols_restricted,-0.01794551774498432,0.0016075128708743502,0.0016075128708743502
1975-05-01,NoDur_excess,ols_restricted,-0.030531482154450673,-0.0016032724088490546,0.0016032724088490546
1970-07-01,HiTec_excess,ols_restricted,0.004862467096221512,-0.001601371793920392,0.001601371793920392
1975-05-01,Telcm_excess,ols_restricted,0.010390686720614273,-0.0015989783029284332,0.0015989783029284332
1975-07-01,Utils_excess,elastic_net_restricted,-0.022677187119391373,0.0015974710471409193,0.0015974710471409193
1970-07-01,HiTec_excess,elastic_net_restricted,-0.013712439480953131,-0.0015944274245056622,0.0015944274245056622
1975-02-01,Utils_excess,elastic_net_restricted,-0.019476706589311332,-0.0015937759522233197,0.0015937759522233197
1972-11-01,Manuf_excess,ridge_restricted,0.016825339990076738,-0.001587778578455712,0.001587778578455712
1975-06-01,Other_excess,ols4_restricted,0.011243307544024694,-0.001585133925361859,0.001585133925361859
1976-12-01,Durbl_excess,random_forest,0.027249909034565922,0.0015846394617879955,0.0015846394617879955
1976-05-01,Hlth_excess,ols_restricted,-0.016066348417086873,0.0015803374396623493,0.0015803374396623493
1970-03-01,HiTec_excess,random_forest,0.009969076345852201,-0.001579465100273847,0.001579465100273847
1976-02-01,Telcm_excess,ols4_restricted,0.019955772386129333,-0.001578500637112512,0.001578500637112512
1975-05-01,Telcm_excess,elastic_net_restricted,0.004496885155892416,-0.0015780733892681864,0.0015780733892681864
1970-04-01,Hlth_excess,ols4_restricted,-0.02471791537874357,-0.0015773178368596596,0.0015773178368596596
1971-03-01,Enrgy_excess,ols4_restricted,0.002413851579882942,-0.0015748456210905593,0.0015748456210905593
1977-06-01,NoDur_excess,random_forest,0.015928992252415952,0.001574182893092857,0.001574182893092857
1970-03-01,Telcm_excess,elastic_net_restricted,0.007923560659168105,0.0015716168156200139,0.0015716168156200139
1976-12-01,Telcm_excess,ols_restricted,0.017117988997506717,0.0015676837660426601,0.0015676837660426601
1977-01-01,Other_excess,random_forest,0.01560514288356074,-0.0015674683126382094,0.0015674683126382094
1971-10-01,Shops_excess,ridge_restricted,-0.017099763264502688,0.0015664425378161262,0.0015664425378161262
1972-01-01,HiTec_excess,ols_restricted,-0.014200581360693798,-0.0015659897928657074,0.0015659897928657074
1971-08-01,Other_excess,ridge_restricted,0.0056525411506829215,-0.001565505435223602,0.001565505435223602
1977-05-01,Manuf_excess,ols4_restricted,0.021398056195497617,0.001560799467461016,0.001560799467461016
1972-09-01,Other_excess,ols4_restricted,-0.006160997600665352,0.0015588554208552097,0.0015588554208552097
1975-02-01,Durbl_excess,random_forest,0.02336898767225526,-0.0015574987848487876,0.0015574987848487876
1976-02-01,Enrgy_excess,elastic_net_restricted,0.0025580188414264793,0.0015562957345639505,0.0015562957345639505
1975-09-01,Shops_excess,ols_restricted,-0.017474728670044515,0.0015561360882552222,0.0015561360882552222
1972-10-01,Telcm_excess,ols4_restricted,0.032863196859951094,-0.0015531401063877404,0.0015531401063877404
1977-10-01,HiTec_excess,ols4_restricted,0.01684517960006071,0.0015530271964205866,0.0015530271964205866
1976-09-01,Utils_excess,ols4_restricted,0.024610749342387717,-0.0015510638317389747,0.0015510638317389747
1970-03-01,Enrgy_excess,ridge_restricted,0.06107479015395578,0.0015500744396809152,0.0015500744396809152
1971-07-01,Other_excess,random_forest,-0.005396158308230703,0.0015490044614103748,0.0015490044614103748
1971-05-01,Hlth_excess,elastic_net_restricted,-0.04861552183065432,-0.0015481960330099298,0.0015481960330099298
1976-12-01,Manuf_excess,elastic_net_restricted,0.0009944639995901339,-0.0015464540642446956,0.0015464540642446956
1970-12-01,Enrgy_excess,ols4_restricted,0.008558002836094092,-0.0015435877933216435,0.0015435877933216435
1975-08-01,Other_excess,ols4_restricted,0.014206844189852186,0.0015398783182168918,0.0015398783182168918
1976-06-01,Telcm_excess,ols4_restricted,0.01962058037085601,-0.0015351731877585317,0.0015351731877585317
1975-02-01,NoDur_excess,elastic_net_restricted,-0.020580606002659874,0.0015349785003615501,0.0015349785003615501
1975-10-01,Utils_excess,random_forest,-0.01712325056276809,0.0015295196890143803,0.0015295196890143803
1975-09-01,Shops_excess,elastic_net_restricted,-0.012417247680149623,0.0015294950858197875,0.0015294950858197875
1972-09-01,Manuf_excess,random_forest,0.0008815420083589931,0.0015288614615736051,0.0015288614615736051
1976-06-01,Telcm_excess,ols_restricted,0.016958267160379403,-0.0015264470765596894,0.0015264470765596894
1972-12-01,Hlth_excess,elastic_net_restricted,-0.03460366813033833,0.0015226960489480579,0.0015226960489480579
1970-03-01,Other_excess,ridge_restricted,0.0064305425529519455,0.0015168733235912946,0.0015168733235912946
1977-11-01,Manuf_excess,ols4_restricted,0.02419264608852889,-0.0015152895843824066,0.0015152895843824066
1972-04-01,Manuf_excess,ols4_restricted,0.00419615204656032,-0.001512298714265059,0.001512298714265059
1976-05-01,Enrgy_excess,ols_restricted,0.007250857589209958,-0.0015113275033680207,0.0015113275033680207
1976-06-01,Telcm_excess,elastic_net_restricted,0.011243433074432985,-0.0015077158928956669,0.0015077158928956669
1975-05-01,NoDur_excess,elastic_net_restricted,-0.025120192994698254,-0.0015058554818336845,0.0015058554818336845
1972-12-01,Utils_excess,random_forest,-0.02764776969906735,0.0015043793361637636,0.0015043793361637636
1976-04-01,NoDur_excess,random_forest,0.01634288162239228,-0.0015041840226158731,0.0015041840226158731
1972-04-01,Enrgy_excess,ols4_restricted,0.015076690541811044,0.0015032258593680181,0.0015032258593680181
1977-08-01,Enrgy_excess,ols4_restricted,0.0036137287011424046,-0.0015031344984470785,0.0015031344984470785
1977-10-01,Durbl_excess,random_forest,0.0229184912993462,-0.001501976510452252,0.001501976510452252
1975-05-01,Other_excess,ols4_restricted,0.012828441469386553,-0.0015013042270405341,0.0015013042270405341
1972-04-01,Enrgy_excess,random_forest,0.031124887875640272,0.0014997950371972157,0.0014997950371972157
1976-02-01,Hlth_excess,ols_restricted,-0.01625654131817278,0.0014949659622758293,0.0014949659622758293
1970-01-01,Other_excess,ols_restricted,-0.002877229078786181,0.0014941438590674316,0.0014941438590674316
1975-06-01,Manuf_excess,elastic_net_restricted,0.0011003259809734267,-0.0014889051230545514,0.0014889051230545514
1971-01-01,Durbl_excess,ridge_restricted,0.023227711920879468,-0.0014869969501547509,0.0014869969501547509
1977-05-01,Shops_excess,random_forest,-0.0072840162300829014,0.0014865662088794362,0.0014865662088794362
1976-10-01,NoDur_excess,random_forest,0.012211989106449939,-0.0014849828366919615,0.0014849828366919615
1977-11-01,Other_excess,ols4_restricted,0.009465401217491842,-0.00148422134887638,0.00148422134887638
1972-04-01,Telcm_excess,elastic_net_restricted,0.01669861976360998,0.0014826878471071447,0.0014826878471071447
1971-09-01,Manuf_excess,ols4_restricted,0.0183653616520566,0.0014821198449291861,0.0014821198449291861
1972-08-01,Durbl_excess,random_forest,-0.00787445392507613,-0.0014786332725804652,0.0014786332725804652
1971-07-01,Other_excess,ridge_restricted,0.0072180465859065235,0.0014764154157748122,0.0014764154157748122
1972-01-01,Durbl_excess,ols_restricted,-0.007093570043518849,0.0014742786792356632,0.0014742786792356632
1972-11-01,HiTec_excess,ols4_restricted,-0.00852940284460657,-0.0014724030429191792,0.0014724030429191792
1970-05-01,Utils_excess,ridge_restricted,0.001090111098531965,0.0014717313034382506,0.0014717313034382506
1971-09-01,Manuf_excess,ols_restricted,0.02495014468514478,0.0014696915856858839,0.0014696915856858839
1976-02-01,Enrgy_excess,random_forest,0.005720597918935866,-0.0014673587074938155,0.0014673587074938155
1972-02-01,Enrgy_excess,elastic_net_restricted,0.014573146133840753,-0.0014669972967963352,0.0014669972967963352
1975-07-01,Other_excess,random_forest,0.01650517769864046,-0.001466581125791122,0.001466581125791122
1975-06-01,Manuf_excess,ols_restricted,-0.01122740900371677,-0.0014658100035094268,0.0014658100035094268
1971-03-01,Enrgy_excess,random_forest,0.023824107680930573,-0.0014647345416012314,0.0014647345416012314
1977-01-01,Shops_excess,elastic_net_restricted,-0.011510991960993477,-0.0014620844033812475,0.0014620844033812475
1972-04-01,Telcm_excess,ols_restricted,0.029189968805365174,0.0014620308641847268,0.0014620308641847268
1971-03-01,Enrgy_excess,ridge_restricted,0.03888325463001818,-0.0014614508219024103,0.0014614508219024103
1977-06-01,Shops_excess,ols_restricted,-0.01391428136571693,-0.001461413485315033,0.001461413485315033
1976-06-01,Utils_excess,elastic_net_restricted,-0.02019534155736391,-0.0014605133790654978,0.0014605133790654978
1975-06-01,Shops_excess,elastic_net_restricted,-0.013963788392503229,-0.0014601172379891114,0.0014601172379891114
1971-07-01,NoDur_excess,elastic_net_restricted,-0.03831579553034281,-0.001459407405870694,0.001459407405870694
1976-01-01,Enrgy_excess,ols_restricted,0.010222279249379351,-0.001459370207982702,0.001459370207982702
1977-08-01,Telcm_excess,ols4_restricted,0.015601508569845324,0.0014575567532548739,0.0014575567532548739
1970-12-01,NoDur_excess,ridge_restricted,7.53205469851137e-05,-0.0014557196852249543,0.0014557196852249543
1977-08-01,Telcm_excess,ols_restricted,0.016681694273825487,0.001452172415036479,0.001452172415036479
1976-03-01,Hlth_excess,ols4_restricted,-0.004880119468739341,-0.0014519131840158295,0.0014519131840158295
1971-06-01,Utils_excess,ridge_restricted,-0.0039671487186263565,-0.0014509151401065346,0.0014509151401065346
1977-02-01,Enrgy_excess,elastic_net_restricted,0.0008639341773207798,0.0014455626233705887,0.0014455626233705887
1977-11-01,Manuf_excess,ols_restricted,-0.0017185907432586411,-0.0014451121331358063,0.0014451121331358063
1977-09-01,Telcm_excess,ols4_restricted,0.014157170113314965,-0.0014443384565303585,0.0014443384565303585
1970-08-01,Utils_excess,elastic_net_restricted,-0.03854750149615804,0.0014409490065894204,0.0014409490065894204
1971-09-01,Other_excess,ols_restricted,-0.002190458246951632,-0.0014403503243340943,0.0014403503243340943
1972-11-01,Telcm_excess,random_forest,-0.002709107039048808,-0.0014373111131396055,0.0014373111131396055
1976-12-01,Telcm_excess,ols4_restricted,0.013652017840916963,-0.0014372160689865021,0.0014372160689865021
1975-10-01,Durbl_excess,ols4_restricted,0.04843279988461924,-0.0014368953502679194,0.0014368953502679194
1972-11-01,Hlth_excess,random_forest,-0.016103283613286612,0.0014365441476720253,0.0014365441476720253
1971-12-01,Other_excess,ridge_restricted,0.005420583741323148,-0.0014354641393310441,0.0014354641393310441
1971-03-01,Other_excess,ridge_restricted,0.0039995072858225456,-0.0014333177995794477,0.0014333177995794477
1975-03-01,Shops_excess,ols4_restricted,0.007021960418340689,-0.0014317404249445387,0.0014317404249445387
1975-03-01,Telcm_excess,random_forest,0.00972634729675148,-0.0014288409568393723,0.0014288409568393723
1972-08-01,Other_excess,elastic_net_restricted,-0.012646025585221876,0.00142829502671038,0.00142829502671038
1975-11-01,NoDur_excess,elastic_net_restricted,-0.0246367063970927,0.0014268614355679166,0.0014268614355679166
1977-01-01,Durbl_excess,ols4_restricted,0.044451643026548915,-0.001426379966336322,0.001426379966336322
1976-09-01,Enrgy_excess,random_forest,0.006484881695783318,0.0014262917264415975,0.0014262917264415975
1972-04-01,Telcm_excess,ols4_restricted,0.04108618205518211,0.0014251830856495395,0.0014251830856495395
1972-11-01,Shops_excess,ols_restricted,-0.0196390665756645,0.0014243397127946533,0.0014243397127946533
1975-07-01,Other_excess,ols4_restricted,0.012666965871635294,0.0014236583276105996,0.0014236583276105996
1970-02-01,HiTec_excess,ols_restricted,-0.061889388395028444,0.001422357599097479,0.001422357599097479
1971-06-01,Durbl_excess,random_forest,-0.017574506864679984,0.00141926148202276,0.00141926148202276
1976-03-01,Hlth_excess,random_forest,0.00590041378078332,-0.0014162114465026132,0.0014162114465026132
1972-05-01,Manuf_excess,ols4_restricted,0.002781171048946929,-0.001414980997613391,0.001414980997613391
1976-06-01,Utils_excess,ols_restricted,-0.03229093991844234,-0.0014149747105165478,0.0014149747105165478
1971-03-01,Durbl_excess,random_forest,-0.01194856592094462,-0.00141230149449445,0.00141230149449445
1977-06-01,Shops_excess,elastic_net_restricted,-0.00898457173929157,-0.001412244287374742,0.001412244287374742
1976-07-01,HiTec_excess,ols_restricted,-0.027256109541478946,0.001410467645464486,0.001410467645464486
1975-01-01,Enrgy_excess,random_forest,0.0031894484311030258,-0.0014086001236972567,0.0014086001236972567
1975-06-01,Other_excess,elastic_net_restricted,-0.0193417431471814,-0.0014030919886780513,0.0014030919886780513
1976-06-01,Manuf_excess,ols4_restricted,0.014143452786350208,-0.0014028527391940493,0.0014028527391940493
1970-10-01,Enrgy_excess,ridge_restricted,0.047425476861926996,-0.0013987488828076655,0.0013987488828076655
1971-10-01,Manuf_excess,ridge_restricted,0.025485337675168807,0.0013981491064806173,0.0013981491064806173
1970-02-01,HiTec_excess,elastic_net_restricted,-0.06718362447599802,0.00139783728727072,0.00139783728727072
1972-07-01,Enrgy_excess,ridge_restricted,0.045921736011369174,0.0013978297277884577,0.0013978297277884577
1972-12-01,Hlth_excess,random_forest,-0.017500970696774143,-0.001397687083487531,0.001397687083487531
1971-03-01,Other_excess,random_forest,-0.006631023259472624,-0.001397167436172353,0.001397167436172353
1971-10-01,Durbl_excess,elastic_net_restricted,-0.0070756106002434205,-0.0013965216990015072,0.0013965216990015072
1970-08-01,Hlth_excess,ols_restricted,-0.0032165696805768196,-0.0013911209685995019,0.0013911209685995019
1975-06-01,Other_excess,ols_restricted,-0.021408667946966276,-0.0013907896715321666,0.0013907896715321666
1975-05-01,Hlth_excess,ols_restricted,-0.025320493042869874,-0.001389508673202533,0.001389508673202533
1970-02-01,Other_excess,elastic_net_restricted,-0.014969788172140452,0.0013887852146652335,0.0013887852146652335
1970-01-01,Manuf_excess,elastic_net_restricted,0.04714565786927161,0.0013878880102635716,0.0013878880102635716
1971-04-01,Manuf_excess,ridge_restricted,0.020896577962794205,-0.0013870350370372986,0.0013870350370372986
1975-10-01,HiTec_excess,random_forest,0.01299728672530509,-0.001383166297331817,0.001383166297331817
1972-08-01,Enrgy_excess,elastic_net_restricted,0.019682607885117553,0.0013791566170259228,0.0013791566170259228
1971-10-01,Hlth_excess,ols4_restricted,-0.026650331966023177,0.001376193539107895,0.001376193539107895
1972-10-01,Utils_excess,ridge_restricted,-0.0018735750838596577,-0.0013754404719978908,0.0013754404719978908
1972-04-01,Enrgy_excess,ols_restricted,0.02140115586355773,0.0013748848256815993,0.0013748848256815993
1976-06-01,Manuf_excess,elastic_net_restricted,-0.0021668504681739975,-0.001372671436551176,0.001372671436551176
1972-01-01,Shops_excess,elastic_net_restricted,-0.014719288116761708,-0.0013702880300270337,0.0013702880300270337
1977-10-01,Manuf_excess,random_forest,-0.0011072643993739195,-0.0013701515751106674,0.0013701515751106674
1976-04-01,Shops_excess,ols4_restricted,0.0049471216178242905,-0.0013693360335846894,0.0013693360335846894
1975-09-01,NoDur_excess,ols_restricted,-0.028594656975308386,0.0013685481952618872,0.0013685481952618872
1972-07-01,NoDur_excess,random_forest,0.006319376831196766,0.0013650119481803946,0.0013650119481803946
1976-01-01,Durbl_excess,elastic_net_restricted,0.0022287368815893105,0.0013627469571654283,0.0013627469571654283
1970-10-01,Hlth_excess,ols_restricted,-0.011928261125514261,0.0013574291125060256,0.0013574291125060256
1977-11-01,HiTec_excess,ols_restricted,-0.022644975021291147,-0.0013567675529631007,0.0013567675529631007
1975-01-01,Utils_excess,elastic_net_restricted,-0.017882930637088013,-0.0013554900965859762,0.0013554900965859762
1976-06-01,Manuf_excess,ols_restricted,-0.012687473031172347,-0.0013532036137515746,0.0013532036137515746
1971-10-01,HiTec_excess,random_forest,0.014767770902312627,0.00135018218182259,0.00135018218182259
1975-02-01,Shops_excess,ols4_restricted,0.008453700843285228,-0.0013472376241659978,0.0013472376241659978
1970-08-01,Hlth_excess,elastic_net_restricted,-0.03655503013788719,-0.001345994161860098,0.001345994161860098
1975-12-01,Shops_excess,ols_restricted,-0.017577022345109716,0.001345764269039762,0.001345764269039762
1975-09-01,NoDur_excess,elastic_net_restricted,-0.02316720477932277,0.001345636623543367,0.001345636623543367
1971-11-01,Manuf_excess,elastic_net_restricted,0.030585045985375703,0.0013450582265159827,0.0013450582265159827
1970-09-01,Durbl_excess,elastic_net_restricted,0.012146944617668742,-0.0013419366699818358,0.0013419366699818358
1976-07-01,Manuf_excess,ols_restricted,-0.011346964353142308,0.001340508678030039,0.001340508678030039
1972-07-01,Shops_excess,random_forest,-0.028464917937357503,0.001340087184875216,0.001340087184875216
1971-11-01,Durbl_excess,ols_restricted,-0.013677375692730198,-0.0013391029467531013,0.0013391029467531013
1972-01-01,Other_excess,ols_restricted,0.00046503060071245717,0.001338332699649336,0.001338332699649336
1977-12-01,Shops_excess,random_forest,-0.009468731468266878,-0.0013376885130056415,0.0013376885130056415
1975-05-01,Other_excess,elastic_net_restricted,-0.01793865115850335,-0.0013354727833732039,0.0013354727833732039
1975-05-01,Other_excess,random_forest,0.01630496150638816,0.0013350920306448577,0.0013350920306448577
1970-03-01,HiTec_excess,ridge_restricted,0.0036348138080721792,0.0013330970614234827,0.0013330970614234827
1971-09-01,Manuf_excess,random_forest,0.004774568439349647,0.0013312485539802577,0.0013312485539802577
1972-03-01,Durbl_excess,ols_restricted,-0.006863471501165286,0.0013308389172415058,0.0013308389172415058
1977-10-01,Enrgy_excess,random_forest,0.0033179345507604596,-0.001328972533523931,0.001328972533523931
1977-06-01,Utils_excess,ols_restricted,-0.032790505272066506,-0.001328832960793891,0.001328832960793891
1976-06-01,NoDur_excess,random_forest,0.014198163869079905,-0.0013283178761197556,0.0013283178761197556
1975-09-01,Durbl_excess,elastic_net_restricted,0.0042057039806190355,0.0013276904540421297,0.0013276904540421297
1975-02-01,NoDur_excess,ols4_restricted,0.008150518923156325,-0.0013264293311898712,0.0013264293311898712
1976-05-01,Shops_excess,ols4_restricted,0.003621775545630257,-0.0013253460721940336,0.0013253460721940336
1975-05-01,Other_excess,ols_restricted,-0.02001787827543411,-0.0013242659644940868,0.0013242659644940868
1971-12-01,Utils_excess,ridge_restricted,-0.0031472558553140573,-0.0013240171460620065,0.0013240171460620065
1975-06-01,Manuf_excess,ols4_restricted,0.020015097836034612,-0.0013228354807613973,0.0013228354807613973
1971-08-01,Enrgy_excess,ridge_restricted,0.048613374312869384,0.0013212448079696903,0.0013212448079696903
1972-01-01,NoDur_excess,elastic_net_restricted,-0.02942120055427866,0.0013179563888585655,0.0013179563888585655
1972-04-01,Telcm_excess,random_forest,0.003700729366172828,0.0013167870491495037,0.0013167870491495037
1972-04-01,Enrgy_excess,ridge_restricted,0.04637997881065248,0.0013161629652258533,0.0013161629652258533
1977-11-01,Other_excess,ols_restricted,-0.01786734843482196,-0.0013115744943368313,0.0013115744943368313
1970-05-01,HiTec_excess,random_forest,0.005233325453992244,0.00131092746622119,0.00131092746622119
1976-11-01,Telcm_excess,ols4_restricted,0.015089233909903466,-0.0013104524617424396,0.0013104524617424396
1971-10-01,HiTec_excess,ridge_restricted,0.004638743759338038,0.0013097554559012847,0.0013097554559012847
1977-08-01,Telcm_excess,random_forest,0.011696717743916119,-0.0013092787838208109,0.0013092787838208109
1970-10-01,Shops_excess,ridge_restricted,-0.014516688369023312,0.0013090214045037296,0.0013090214045037296
1975-11-01,NoDur_excess,ols_restricted,-0.030025263506975097,0.001307550211496089,0.001307550211496089
1972-06-01,Durbl_excess,ridge_restricted,0.020893270943331266,0.0013063540240516591,0.0013063540240516591
1975-12-01,Shops_excess,elastic_net_restricted,-0.01262932125808236,0.0013063358733789165,0.0013063358733789165
1971-03-01,Durbl_excess,ols4_restricted,0.024175690378564263,0.001305036198241516,0.001305036198241516
1972-01-01,Manuf_excess,ridge_restricted,0.02024016576265586,-0.0013033244876232697,0.0013033244876232697
1971-06-01,Other_excess,elastic_net_restricted,-0.01201017229933643,0.0013026868332890462,0.0013026868332890462
1972-11-01,Utils_excess,ridge_restricted,-0.0031748213454314556,-0.001301246261571798,0.001301246261571798
1976-07-01,HiTec_excess,ols4_restricted,0.010755324294373647,0.0012997911869708778,0.0012997911869708778
1977-02-01,Durbl_excess,ols4_restricted,0.043154412565568734,-0.001297230460980181,0.001297230460980181
1971-10-01,NoDur_excess,ols4_restricted,-0.02257268390727729,0.001294787201097547,0.001294787201097547
1976-06-01,Enrgy_excess,elastic_net_restricted,-0.0024164901539871497,-0.0012909342215521313,0.0012909342215521313
1971-06-01,Other_excess,ols4_restricted,-0.006872521658019881,0.0012908838874936546,0.0012908838874936546
1971-09-01,Durbl_excess,ols_restricted,-0.011413250738695035,-0.0012895406597199788,0.0012895406597199788
1976-02-01,Shops_excess,random_forest,-0.004067249227455827,0.0012893670096891796,0.0012893670096891796
1976-05-01,Hlth_excess,elastic_net_restricted,-0.01814243382403835,0.001288577004627367,0.001288577004627367
1977-04-01,HiTec_excess,random_forest,0.005347548962828075,-0.0012882861162150094,0.0012882861162150094
1977-04-01,Shops_excess,ols_restricted,-0.013507401441871902,0.0012880398423500417,0.0012880398423500417
1977-08-01,Utils_excess,ols4_restricted,0.02108627184017675,0.0012865537980776276,0.0012865537980776276
1977-10-01,HiTec_excess,ols_restricted,-0.021288207468328046,0.0012835507273420976,0.0012835507273420976
1977-01-01,Durbl_excess,random_forest,0.025968187637836593,-0.0012817213967293295,0.0012817213967293295
1971-06-01,Other_excess,ols_restricted,-0.0016609177271016407,0.001278911045625053,0.001278911045625053
1975-02-01,Telcm_excess,random_forest,0.011155188253590853,0.0012781992222993255,0.0012781992222993255
1970-08-01,Shops_excess,ridge_restricted,-0.014077946689500909,-0.001277830871432739,0.001277830871432739
1976-06-01,Other_excess,ols4_restricted,0.009962209465425476,-0.0012722299170911944,0.0012722299170911944
1970-11-01,HiTec_excess,random_forest,0.0030353755474785693,-0.0012717235039070296,0.0012717235039070296
1972-02-01,NoDur_excess,ols4_restricted,-0.020448881372856276,0.001269041923935399,0.001269041923935399
1976-02-01,Hlth_excess,ols4_restricted,-0.0034282062847235117,0.0012664679496541265,0.0012664679496541265
1976-01-01,Enrgy_excess,ols4_restricted,0.007611791290672465,-0.0012662473615211445,0.0012662473615211445
1970-12-01,Hlth_excess,ols4_restricted,-0.027382854258418687,-0.0012651581794389521,0.0012651581794389521
1975-05-01,HiTec_excess,random_forest,0.014565068496859346,0.0012648043616957372,0.0012648043616957372
1977-11-01,Hlth_excess,ols_restricted,-0.010100773792140583,-0.0012644420517140542,0.0012644420517140542
1972-04-01,Enrgy_excess,elastic_net_restricted,0.01985473461517595,0.0012626259443578869,0.0012626259443578869
1975-10-01,Shops_excess,ols4_restricted,0.005350639120182854,-0.001261279781483604,0.001261279781483604
1972-05-01,Manuf_excess,ols_restricted,0.0073389936564531855,-0.0012603793432059973,0.0012603793432059973
1971-09-01,Enrgy_excess,random_forest,0.030807057378661296,0.0012581392837784922,0.0012581392837784922
1977-10-01,Other_excess,ols4_restricted,0.010949622566368222,0.001255064720239174,0.001255064720239174
1976-07-01,HiTec_excess,elastic_net_restricted,-0.027491585275690067,0.0012505346634041903,0.0012505346634041903
1970-02-01,NoDur_excess,ols4_restricted,-0.03179217697750958,-0.0012503137138866194,0.0012503137138866194
1971-02-01,HiTec_excess,random_forest,-0.0027737939189360628,-0.0012501525695163274,0.0012501525695163274
1972-06-01,HiTec_excess,random_forest,0.012152294538974928,0.0012497162043674237,0.0012497162043674237
1977-10-01,Other_excess,ols_restricted,-0.01655577394048513,0.001248580775006003,0.001248580775006003
1976-12-01,HiTec_excess,ols4_restricted,0.011230901754999079,-0.0012482685491396195,0.0012482685491396195
1977-02-01,Utils_excess,random_forest,-0.010859062821600318,-0.001247541803604424,0.001247541803604424
1975-07-01,Enrgy_excess,ridge_restricted,0.02194469496640694,-0.0012470074859403102,0.0012470074859403102
1970-05-01,Hlth_excess,random_forest,0.001542711955986431,-0.0012438694979602927,0.0012438694979602927
1976-11-01,Telcm_excess,ols_restricted,0.015550305231464057,-0.0012430585585628817,0.0012430585585628817
1977-03-01,Durbl_excess,elastic_net_restricted,0.0030694780566619118,0.001241515502649504,0.001241515502649504
1972-10-01,NoDur_excess,elastic_net_restricted,-0.03654460873844401,-0.001239777724823421,0.001239777724823421
1970-09-01,Hlth_excess,elastic_net_restricted,-0.03779347441742775,-0.0012384442795405626,0.0012384442795405626
1977-07-01,Hlth_excess,random_forest,0.011322141499800265,0.0012364231216621668,0.0012364231216621668
1971-12-01,Shops_excess,random_forest,-0.029940883133745544,0.00123604995345028,0.00123604995345028
1977-01-01,Shops_excess,random_forest,-0.010106634472877074,-0.0012333703984486188,0.0012333703984486188
1976-07-01,Manuf_excess,elastic_net_restricted,-0.0009344564945392708,0.0012323939736347267,0.0012323939736347267
1975-01-01,Hlth_excess,random_forest,0.005874961940404599,0.001232185009016229,0.001232185009016229
1976-04-01,HiTec_excess,ols_restricted,-0.026033419343465702,0.0012311468764645284,0.0012311468764645284
1976-08-01,Manuf_excess,ols_restricted,-0.0101227631331966,0.0012242012199457086,0.0012242012199457086
1971-11-01,Other_excess,ols_restricted,-0.003707040542810791,-0.0012229671701073919,0.0012229671701073919
1971-11-01,NoDur_excess,random_forest,0.0041403675392165384,-0.001221866552261086,0.001221866552261086
1972-11-01,Shops_excess,ridge_restricted,-0.015726693584918516,-0.0012214333086240092,0.0012214333086240092
1972-11-01,NoDur_excess,ridge_restricted,-0.00038559445257480007,-0.0012184712429883504,0.0012184712429883504
1976-11-01,Shops_excess,ols_restricted,-0.015214028043981198,-0.0012172794777318696,0.0012172794777318696
1977-10-01,Shops_excess,random_forest,-0.008742896284929635,-0.0012155003968661315,0.0012155003968661315
1977-11-01,Shops_excess,ols4_restricted,0.00208248299908087,-0.0012152033631164239,0.0012152033631164239
1972-07-01,Durbl_excess,ridge_restricted,0.02210842679122471,0.0012151558478934454,0.0012151558478934454
1971-02-01,Other_excess,ols4_restricted,-0.005379656423014856,-0.0012143189260076515,0.0012143189260076515
1970-11-01,Hlth_excess,random_forest,-0.004030696193841887,-0.0012136833771840827,0.0012136833771840827
1970-09-01,NoDur_excess,elastic_net_restricted,-0.03343945915880542,-0.0012111540800145981,0.0012111540800145981
1975-04-01,Utils_excess,ols_restricted,-0.03212479901766274,0.0012110871843593607,0.0012110871843593607
1971-06-01,HiTec_excess,ridge_restricted,0.001081099009536124,0.0012104488015897141,0.0012104488015897141
1971-09-01,HiTec_excess,random_forest,0.013417588720490037,0.0012095917440785309,0.0012095917440785309
1971-02-01,Shops_excess,ols4_restricted,-0.024429712135010107,0.0012093849916878785,0.0012093849916878785
1971-12-01,HiTec_excess,random_forest,0.01600650593934383,0.001209131404059316,0.001209131404059316
1976-05-01,Telcm_excess,random_forest,0.011209652763459976,-0.0012054056440181649,0.0012054056440181649
1977-02-01,Durbl_excess,random_forest,0.024763603701018044,-0.0012045839368185485,0.0012045839368185485
1975-08-01,NoDur_excess,random_forest,0.014389488420907703,0.00120368618102773,0.00120368618102773
1971-10-01,Other_excess,random_forest,-0.0047452569778592135,0.0012006654370688707,0.0012006654370688707
1972-03-01,Durbl_excess,ridge_restricted,0.0181926230726569,-0.001199346786192601,0.001199346786192601
1970-10-01,Shops_excess,ols4_restricted,-0.02796970299177426,0.0011957968563611754,0.0011957968563611754
1971-12-01,Telcm_excess,random_forest,0.0018815748109403119,-0.0011913927334351593,0.0011913927334351593
1975-07-01,Other_excess,elastic_net_restricted,-0.018151027547196552,0.0011907155999848484,0.0011907155999848484
1977-06-01,Other_excess,ols4_restricted,0.008804730966387675,-0.0011872868180857754,0.0011872868180857754
1977-11-01,Shops_excess,ols_restricted,-0.014508777958188723,-0.0011831592596960316,0.0011831592596960316
1977-06-01,Manuf_excess,ols4_restricted,0.020215516910593534,-0.0011825392849040828,0.0011825392849040828
1971-01-01,Durbl_excess,ols_restricted,-0.004358260832748373,-0.0011818335677857839,0.0011818335677857839
1977-03-01,Enrgy_excess,ols_restricted,0.009845338351468724,0.0011780044231600728,0.0011780044231600728
1972-11-01,Hlth_excess,elastic_net_restricted,-0.036126364179286385,-0.001176717311008657,0.001176717311008657
1970-02-01,NoDur_excess,ridge_restricted,-0.0003607744202827057,-0.0011761925697992837,0.0011761925697992837
1976-08-01,Manuf_excess,elastic_net_restricted,0.00024153669916215925,0.00117599319370143,0.00117599319370143
1976-10-01,Hlth_excess,ols4_restricted,-0.003175728455695692,0.0011759538130884373,0.0011759538130884373
1971-09-01,Manuf_excess,elastic_net_restricted,0.026818704806274907,0.0011757230706599398,0.0011757230706599398
1972-06-01,Manuf_excess,ridge_restricted,0.017717178708630876,0.0011751771245822606,0.0011751771245822606
1977-02-01,Enrgy_excess,ols4_restricted,0.005915372035190103,-0.0011738830865775096,0.0011738830865775096
1975-12-01,Hlth_excess,ols4_restricted,-0.0030017697956254974,0.001170671357840103,0.001170671357840103
1976-07-01,Manuf_excess,ols4_restricted,0.015312400017283845,0.0011689472309336368,0.0011689472309336368
1975-04-01,Utils_excess,elastic_net_restricted,-0.017295025898531158,0.0011685689373071018,0.0011685689373071018
1971-06-01,Shops_excess,ols4_restricted,-0.01893352959552197,-0.0011672581539099447,0.0011672581539099447
1971-03-01,Shops_excess,ridge_restricted,-0.01849394413302785,-0.001166833770508191,0.001166833770508191
1977-02-01,Durbl_excess,ols_restricted,-0.009655706699941424,0.0011656659190619756,0.0011656659190619756
1971-10-01,Other_excess,elastic_net_restricted,-0.012164664297355188,-0.0011653545695580192,0.0011653545695580192
1970-06-01,Shops_excess,ridge_restricted,-0.0036802468625418694,0.001165170880719657,0.001165170880719657
1972-08-01,Durbl_excess,ridge_restricted,0.02094529847293025,-0.0011631283182944596,0.0011631283182944596
1977-06-01,Manuf_excess,elastic_net_restricted,0.004435525485780634,-0.0011596270457552293,0.0011596270457552293
1976-06-01,Other_excess,elastic_net_restricted,-0.01669559644556573,-0.001159625221211824,0.001159625221211824
1970-09-01,NoDur_excess,ridge_restricted,0.0024612520611903,-0.0011590111735826358,0.0011590111735826358
1970-10-01,HiTec_excess,ridge_restricted,0.003316887565302573,0.0011546177836853078,0.0011546177836853078
1971-10-01,Utils_excess,random_forest,-0.03269323543942004,-0.0011544588742238293,0.0011544588742238293
1972-10-01,HiTec_excess,random_forest,0.013463974263707268,0.0011541546628329735,0.0011541546628329735
1976-06-01,Other_excess,ols_restricted,-0.018207476076866236,-0.001153238921204558,0.001153238921204558
1976-04-01,Shops_excess,ols_restricted,-0.016349859875085748,-0.0011516630116803483,0.0011516630116803483
1975-12-01,Manuf_excess,ols_restricted,-0.005259395287984692,0.0011514156594043534,0.0011514156594043534
1975-11-01,Shops_excess,elastic_net_restricted,-0.013935657131461276,0.0011505247592746848,0.0011505247592746848
1972-10-01,HiTec_excess,elastic_net_restricted,-0.03212798177177545,-0.0011495217468879826,0.0011495217468879826
1970-08-01,Telcm_excess,elastic_net_restricted,0.026083735537817843,0.0011478515220919583,0.0011478515220919583
1976-06-01,Hlth_excess,ols_restricted,-0.017214136424329896,-0.0011477880072430224,0.0011477880072430224
1977-01-01,NoDur_excess,random_forest,0.013280705908294443,-0.0011468259408985437,0.0011468259408985437
1975-11-01,Utils_excess,ols4_restricted,0.031666752062347814,-0.0011466395816946973,0.0011466395816946973
1976-06-01,Hlth_excess,elastic_net_restricted,-0.019287186896156383,-0.0011447530721180321,0.0011447530721180321
1977-06-01,Manuf_excess,ols_restricted,-0.006170285612751458,-0.0011442276153170727,0.0011442276153170727
1977-06-01,Enrgy_excess,elastic_net_restricted,0.0024000036532849656,0.0011436710341813372,0.0011436710341813372
1972-09-01,Durbl_excess,random_forest,-0.00673486775816845,0.0011395861669076801,0.0011395861669076801
1971-06-01,NoDur_excess,ols_restricted,-0.02535388417481199,0.0011392583029619097,0.0011392583029619097
1971-04-01,NoDur_excess,random_forest,-0.0020881457397678993,-0.0011365475825568794,0.0011365475825568794
1975-11-01,Shops_excess,ols_restricted,-0.01892278661414948,0.0011359234358423453,0.0011359234358423453
1971-12-01,Durbl_excess,random_forest,-0.00803853919290165,-0.0011334666445301789,0.0011334666445301789
1971-05-01,Shops_excess,random_forest,-0.034382945162997336,0.0011317152207834802,0.0011317152207834802
1975-08-01,HiTec_excess,random_forest,0.014126757769278853,0.0011301970625903213,0.0011301970625903213
1975-11-01,Manuf_excess,ols4_restricted,0.022351742471055536,-0.0011301557479853619,0.0011301557479853619
1972-04-01,Utils_excess,ridge_restricted,-0.000334339302914044,0.001129716143477344,0.001129716143477344
1975-08-01,Hlth_excess,ols4_restricted,-0.0014788094544209152,0.0011267062876914036,0.0011267062876914036
1975-12-01,Manuf_excess,elastic_net_restricted,0.0065202001646604835,0.0011249162138834423,0.0011249162138834423
1976-08-01,Manuf_excess,ols4_restricted,0.01643594015402383,0.0011235401367399867,0.0011235401367399867
1972-07-01,Shops_excess,ols_restricted,-0.01881631661103933,-0.001123195788981013,0.001123195788981013
1977-06-01,Other_excess,ols_restricted,-0.018755895131350897,-0.0011172946842701315,0.0011172946842701315
1977-07-01,Hlth_excess,ols_restricted,-0.008990576532761141,0.0011169672127482322,0.0011169672127482322
1971-09-01,Enrgy_excess,ridge_restricted,0.049730134223011646,0.001116759910142262,0.001116759910142262
1976-05-01,NoDur_excess,ols_restricted,-0.023746850444919865,0.0011165643494146504,0.0011165643494146504
1972-07-01,Other_excess,random_forest,-0.004149018929079151,0.0011154954760106417,0.0011154954760106417
1975-10-01,NoDur_excess,random_forest,0.013092410810507493,-0.0011153176270933818,0.0011153176270933818
1976-11-01,Utils_excess,ols4_restricted,0.02414307805647531,-0.001115084336107408,0.001115084336107408
1977-02-01,Enrgy_excess,random_forest,0.0045356629861244,-0.0011149338213293225,0.0011149338213293225
1976-04-01,Hlth_excess,ols4_restricted,-0.0037668346326418245,0.0011132848360975167,0.0011132848360975167
1972-05-01,Durbl_excess,random_forest,-0.010500583255696805,0.0011131534232267093,0.0011131534232267093
1975-10-01,Enrgy_excess,ols_restricted,0.011185180671390071,0.0011125364811144234,0.0011125364811144234
1975-11-01,Manuf_excess,elastic_net_restricted,0.005395283950777041,-0.00111245107671476,0.00111245107671476
1971-09-01,Durbl_excess,random_forest,-0.014429251275788424,0.0011123455606545374,0.0011123455606545374
1972-08-01,Manuf_excess,random_forest,-0.000647319453214612,-0.0011119003677961814,0.0011119003677961814
1970-12-01,Utils_excess,ridge_restricted,-0.005662906430581094,-0.0011118813484896073,0.0011118813484896073
1977-11-01,Utils_excess,random_forest,-0.011775598556008848,0.0011077105211585447,0.0011077105211585447
1970-06-01,NoDur_excess,elastic_net_restricted,-0.025044397244381233,0.00110565475348956,0.00110565475348956
1971-11-01,Utils_excess,random_forest,-0.033796335309821623,-0.0011030998704015804,0.0011030998704015804
1977-01-01,Hlth_excess,elastic_net_restricted,-0.015030029868932315,0.0011020631795246594,0.0011020631795246594
1976-12-01,Telcm_excess,random_forest,0.014127842841896165,0.0011020137531732033,0.0011020137531732033
1972-02-01,Durbl_excess,ols_restricted,-0.008194310418406792,-0.001100740374887943,0.001100740374887943
1975-11-01,Manuf_excess,ols_restricted,-0.006410810947389045,-0.0011001240316002026,0.0011001240316002026
1977-03-01,Durbl_excess,ols4_restricted,0.04205490388691213,-0.0010995086786566022,0.0010995086786566022
1976-01-01,Manuf_excess,ridge_restricted,0.02019105872820881,-0.001098733241594041,0.001098733241594041
1975-07-01,Durbl_excess,ols4_restricted,0.050060787606273305,-0.0010980653351753134,0.0010980653351753134
1972-01-01,Other_excess,random_forest,-0.005605701588162981,-0.0010927911380058664,0.0010927911380058664
1976-02-01,Hlth_excess,random_forest,0.007316625227285933,-0.0010902428700897415,0.0010902428700897415
1971-08-01,HiTec_excess,ridge_restricted,0.0027836647217784893,-0.0010885058812396542,0.0010885058812396542
1975-12-01,Manuf_excess,ols4_restricted,0.023438598957936763,0.001086856486881227,0.001086856486881227
1977-03-01,Shops_excess,ols_restricted,-0.014795441284221944,0.0010859659452151504,0.0010859659452151504
1977-07-01,Hlth_excess,ols4_restricted,0.0029966255379678675,0.0010846918887357226,0.0010846918887357226
1976-09-01,Enrgy_excess,elastic_net_restricted,-0.001763954169390125,0.0010840705659020955,0.0010840705659020955
1975-05-01,Manuf_excess,ols4_restricted,0.02133793331679601,-0.0010840658789088575,0.0010840658789088575
1970-10-01,Utils_excess,random_forest,-0.04211519245814199,0.0010840066469790521,0.0010840066469790521
1975-07-01,Durbl_excess,random_forest,0.02535675384868008,-0.0010828860392515516,0.0010828860392515516
1972-01-01,Utils_excess,ols4_restricted,0.04430412370233772,0.0010733582151722931,0.0010733582151722931
1972-10-01,HiTec_excess,ridge_restricted,0.0021499984347838064,0.001072886243604021,0.001072886243604021
1977-08-01,Hlth_excess,ols4_restricted,0.0019241223469247393,-0.0010725031910431282,0.0010725031910431282
1977-03-01,Shops_excess,elastic_net_restricted,-0.009655119888922092,0.0010700279299478144,0.0010700279299478144
1976-08-01,Telcm_excess,random_forest,0.012164783615885133,0.001069436759263187,0.001069436759263187
1977-08-01,Shops_excess,ols_restricted,-0.014695799648576147,-0.0010689014229274818,0.0010689014229274818
1975-05-01,Manuf_excess,elastic_net_restricted,0.002589231104027978,-0.0010682056702464582,0.0010682056702464582
1970-11-01,Other_excess,ridge_restricted,0.010155874126209108,-0.001067631984311146,0.001067631984311146
1975-09-01,Telcm_excess,elastic_net_restricted,0.003438174216976564,0.0010657178232374998,0.0010657178232374998
1971-08-01,Enrgy_excess,elastic_net_restricted,0.021415994501717717,0.0010623391201168841,0.0010623391201168841
1975-05-01,Shops_excess,ols_restricted,-0.017460727134686937,-0.0010614188158704074,0.0010614188158704074
1976-05-01,Shops_excess,elastic_net_restricted,-0.009793022307983623,0.0010595011538014898,0.0010595011538014898
1971-08-01,Telcm_excess,elastic_net_restricted,0.022561267538195318,0.0010584771813232363,0.0010584771813232363
1975-05-01,Manuf_excess,ols_restricted,-0.009761599000207344,-0.0010577576541443978,0.0010577576541443978
1971-06-01,Hlth_excess,ols_restricted,-0.03682094894383692,-0.0010563758376884724,0.0010563758376884724
1977-05-01,Shops_excess,ols_restricted,-0.012452867880401897,0.0010545335614700058,0.0010545335614700058
1972-11-01,Other_excess,ridge_restricted,0.005000771275455396,-0.0010543489570981057,0.0010543489570981057
1972-03-01,Manuf_excess,random_forest,-0.0008903530241777258,-0.0010541633317530108,0.0010541633317530108
1977-08-01,Hlth_excess,ols_restricted,-0.010044447262971934,-0.001053870730210793,0.001053870730210793
1972-02-01,Utils_excess,ridge_restricted,-0.0018181309734344175,0.0010533616666845713,0.0010533616666845713
1972-09-01,Shops_excess,elastic_net_restricted,-0.017701611778897508,-0.0010510773216041436,0.0010510773216041436
1977-10-01,Shops_excess,ols_restricted,-0.013325618698492692,0.0010498567820103055,0.0010498567820103055
1975-09-01,Telcm_excess,ols_restricted,0.009422632541875697,0.0010493780789133655,0.0010493780789133655
1976-12-01,Enrgy_excess,ridge_restricted,0.02213175158015379,0.0010483628459452277,0.0010483628459452277
1972-08-01,Telcm_excess,ols_restricted,0.02672912681088513,-0.0010480974756859052,0.0010480974756859052
1971-01-01,HiTec_excess,ridge_restricted,0.0006627598929306311,-0.0010480606357382571,0.0010480606357382571
1975-05-01,Shops_excess,random_forest,-0.00870959584130504,0.001045263980836042,0.001045263980836042
1977-04-01,Shops_excess,elastic_net_restricted,-0.008611791571111471,0.0010433283178106212,0.0010433283178106212
1970-10-01,Hlth_excess,random_forest,-0.0028170128166578046,0.0010433179572386653,0.0010433179572386653
1977-12-01,Utils_excess,random_forest,-0.012818849880070093,-0.001043251324061245,0.001043251324061245
1976-11-01,Hlth_excess,random_forest,0.004733773168941524,0.0010422541257083529,0.0010422541257083529
1977-10-01,Manuf_excess,elastic_net_restricted,0.008763157932077381,0.0010419899113793818,0.0010419899113793818
1975-05-01,Utils_excess,random_forest,-0.022391883922150635,0.0010407174316315881,0.0010407174316315881
1971-02-01,Shops_excess,random_forest,-0.030758445395444145,-0.001040272936094544,0.001040272936094544
1977-05-01,Shops_excess,elastic_net_restricted,-0.007572327451916827,0.001039464119194644,0.001039464119194644
1977-07-01,Enrgy_excess,elastic_net_restricted,0.001360595872590964,-0.0010394077806940016,0.0010394077806940016
1977-09-01,NoDur_excess,random_forest,0.014103471551916158,-0.0010375082657947399,0.0010375082657947399
1972-02-01,HiTec_excess,ols4_restricted,-0.011310500313839178,-0.0010363556676566965,0.0010363556676566965
1972-02-01,HiTec_excess,ols_restricted,-0.015236370670242083,-0.001035789309548285,0.001035789309548285
1971-08-01,Telcm_excess,ols_restricted,0.03670055557878993,0.001034608277278637,0.001034608277278637
1971-06-01,Durbl_excess,elastic_net_restricted,-0.005893944915780214,0.001034148527593759,0.001034148527593759
1972-02-01,HiTec_excess,elastic_net_restricted,-0.03035638202601909,-0.0010336080502977296,0.0010336080502977296
1970-03-01,NoDur_excess,random_forest,0.026771815473803806,0.0010335807956036724,0.0010335807956036724
1972-03-01,Other_excess,ols4_restricted,-0.011588296426783717,-0.001033141983719954,0.001033141983719954
1972-05-01,Manuf_excess,elastic_net_restricted,0.009470000829348124,-0.0010313432074418039,0.0010313432074418039
1970-03-01,NoDur_excess,ridge_restricted,0.0006705045942297927,0.0010312790145124984,0.0010312790145124984
1976-02-01,Utils_excess,random_forest,-0.013193212280308009,-0.0010285465198875965,0.0010285465198875965
1972-02-01,Other_excess,random_forest,-0.006633937374759036,-0.0010282357865960545,0.0010282357865960545
1975-09-01,Enrgy_excess,ols_restricted,0.010072644190275648,0.0010275587136511222,0.0010275587136511222
1972-02-01,Other_excess,ols4_restricted,-0.010555154443063763,-0.001027007579168293,0.001027007579168293
1975-02-01,Durbl_excess,ols4_restricted,0.051031426682467296,-0.0010265904433318651,0.0010265904433318651
1970-11-01,NoDur_excess,ridge_restricted,0.001531040232210068,-0.0010251961790679331,0.0010251961790679331
1976-02-01,Utils_excess,ols_restricted,-0.031608199845892804,0.001024365876018063,0.001024365876018063
1971-09-01,HiTec_excess,elastic_net_restricted,-0.027462173845406168,0.0010231913354252775,0.0010231913354252775
1971-08-01,Telcm_excess,ols4_restricted,0.044202152755302815,0.0010219446337718097,0.0010219446337718097
1976-08-01,Utils_excess,ols4_restricted,0.02616181317412669,-0.0010215314978765377,0.0010215314978765377
1975-12-01,HiTec_excess,elastic_net_restricted,-0.021893036803820154,0.0010209126455136275,0.0010209126455136275
1977-09-01,HiTec_excess,ols4_restricted,0.015292152403640125,0.0010204036297453145,0.0010204036297453145
1975-12-01,HiTec_excess,ols_restricted,-0.021585058861679274,0.001020384821733611,0.001020384821733611
1977-08-01,Enrgy_excess,ols_restricted,0.01061028828040067,0.0010201265447296048,0.0010201265447296048
1976-11-01,Utils_excess,ols_restricted,-0.034514739601495315,-0.0010195722615577996,0.0010195722615577996
1977-01-01,Other_excess,elastic_net_restricted,-0.016386679100210078,-0.0010189563904421384,0.0010189563904421384
1976-06-01,NoDur_excess,elastic_net_restricted,-0.02017287230823861,-0.0010185739888828316,0.0010185739888828316
1972-08-01,Durbl_excess,ols4_restricted,0.017591142696942952,-0.0010165098477797896,0.0010165098477797896
1971-03-01,Hlth_excess,random_forest,-0.019208636639955534,0.001016212315068099,0.001016212315068099
1976-05-01,Durbl_excess,random_forest,0.027018380734749714,-0.0010135630238107263,0.0010135630238107263
1975-03-01,Utils_excess,elastic_net_restricted,-0.01846359483583826,0.0010131117534730727,0.0010131117534730727
1975-03-01,Other_excess,ols4_restricted,0.015069622625985213,-0.0010130180365029995,0.0010130180365029995
1977-06-01,Other_excess,elastic_net_restricted,-0.01650789548730569,-0.0010124721391226998,0.0010124721391226998
1972-06-01,Shops_excess,ridge_restricted,-0.015758039016003922,0.001009723635226445,0.001009723635226445
1976-06-01,NoDur_excess,ols_restricted,-0.024755550934032255,-0.0010087004891123907,0.0010087004891123907
1976-05-01,Utils_excess,ols_restricted,-0.030875965207925793,0.0010086108722122678,0.0010086108722122678
1972-09-01,Manuf_excess,ridge_restricted,0.018453027536771804,0.001006682998174746,0.001006682998174746
1970-10-01,Hlth_excess,elastic_net_restricted,-0.036788455276252074,0.0010050191411756781,0.0010050191411756781
1976-10-01,Hlth_excess,ols_restricted,-0.016700069503345683,0.0010041791120756205,0.0010041791120756205
1977-06-01,Enrgy_excess,ols4_restricted,0.005791517319022166,0.0010032191621879294,0.0010032191621879294
1975-06-01,Enrgy_excess,ridge_restricted,0.02319170245234725,0.0010017818786565158,0.0010017818786565158
1972-09-01,Enrgy_excess,ols4_restricted,0.0033528128290060133,0.001000666113026183,0.001000666113026183
1975-04-01,Utils_excess,ols4_restricted,0.04242312111982094,0.0009973518250814273,0.0009973518250814273
1970-11-01,Shops_excess,ols4_restricted,-0.02896472052672938,-0.0009950175349551227,0.0009950175349551227
1975-03-01,Utils_excess,ols_restricted,-0.0333358862020221,0.0009926182113502158,0.0009926182113502158
1976-09-01,Utils_excess,random_forest,-0.012022399477835455,0.0009922452104509372,0.0009922452104509372
1976-04-01,Other_excess,random_forest,0.018483016525432605,-0.0009921351666646316,0.0009921351666646316
1972-05-01,Utils_excess,ols_restricted,-0.04063220223983288,0.0009883750703274519,0.0009883750703274519
1975-09-01,Telcm_excess,ols4_restricted,0.03203455739269212,0.0009876393131510453,0.0009876393131510453
1977-03-01,Hlth_excess,elastic_net_restricted,-0.013680065803780783,0.000985111217186141,0.000985111217186141
1976-05-01,Utils_excess,elastic_net_restricted,-0.018734828178298413,0.0009822900200577855,0.0009822900200577855
1977-07-01,Hlth_excess,elastic_net_restricted,-0.012158980493535587,0.0009818208867384826,0.0009818208867384826
1975-11-01,Hlth_excess,ols4_restricted,-0.0041724411534656,-0.0009807483434549624,0.0009807483434549624
1977-05-01,Hlth_excess,elastic_net_restricted,-0.010376337259581536,0.0009794194309196147,0.0009794194309196147
1976-01-01,Enrgy_excess,random_forest,0.007187956626429681,0.0009793710225851626,0.0009793710225851626
1972-05-01,Utils_excess,elastic_net_restricted,-0.03271142081513112,0.0009793083564488825,0.0009793083564488825
1976-05-01,Manuf_excess,ols_restricted,-0.011334269417420773,0.0009790543852576938,0.0009790543852576938
1977-03-01,Hlth_excess,ols_restricted,-0.01056755106061158,0.0009786997099741068,0.0009786997099741068
1975-07-01,Enrgy_excess,elastic_net_restricted,-0.001290144840078833,-0.0009762478768509109,0.0009762478768509109
1971-03-01,Durbl_excess,ridge_restricted,0.021773910234469507,-0.0009759777576613393,0.0009759777576613393
1975-08-01,Utils_excess,ols_restricted,-0.03454691079055494,0.0009746364001474994,0.0009746364001474994
1977-05-01,Hlth_excess,ols_restricted,-0.007299837925734298,0.0009728362261576251,0.0009728362261576251
1971-08-01,NoDur_excess,elastic_net_restricted,-0.03734302292371683,0.0009727726066259823,0.0009727726066259823
1975-09-01,Other_excess,random_forest,0.019629921280900575,0.0009722055343911462,0.0009722055343911462
1977-05-01,HiTec_excess,elastic_net_restricted,-0.022098193615846196,0.0009720438401328302,0.0009720438401328302
1977-05-01,HiTec_excess,ols_restricted,-0.021531858957146932,0.0009710774023403701,0.0009710774023403701
1976-06-01,Durbl_excess,ols_restricted,-0.010734508717736624,-0.0009707977077741958,0.0009707977077741958
1976-05-01,Hlth_excess,ols4_restricted,-0.002796691764268777,0.0009701428683730473,0.0009701428683730473
1977-10-01,Enrgy_excess,elastic_net_restricted,-0.0003683052408300913,-0.000969846549629727,0.000969846549629727
1975-03-01,Enrgy_excess,ridge_restricted,0.025795826463672955,-0.000969348263917702,0.000969348263917702
1975-02-01,Durbl_excess,elastic_net_restricted,0.004474878522587544,0.0009665725817468163,0.0009665725817468163
1970-12-01,Enrgy_excess,elastic_net_restricted,0.017700363356531024,-0.00096603735109968,0.00096603735109968
1972-06-01,HiTec_excess,ridge_restricted,0.0008595549664836,0.0009653103329698709,0.0009653103329698709
1975-01-01,Utils_excess,ridge_restricted,0.006544558699621672,-0.0009638797631080775,0.0009638797631080775
1972-03-01,Utils_excess,ols_restricted,-0.046246901846884736,0.0009633429268618432,0.0009633429268618432
1972-04-01,Manuf_excess,ols_restricted,0.008599372999659183,-0.000963078180435395,0.000963078180435395
1977-01-01,Other_excess,ols_restricted,-0.018535989396258,-0.0009613700482709042,0.0009613700482709042
1977-03-01,Shops_excess,random_forest,-0.00933106977310505,0.0009611639219408996,0.0009611639219408996
1972-09-01,Telcm_excess,ols_restricted,0.027690286240366624,0.0009611594294814951,0.0009611594294814951
1972-03-01,Utils_excess,elastic_net_restricted,-0.038216193111850094,0.0009546820233674591,0.0009546820233674591
1977-10-01,Hlth_excess,random_forest,0.010114840767668998,-0.0009544824820998388,0.0009544824820998388
1971-01-01,Telcm_excess,elastic_net_restricted,0.03787392284233548,0.0009541961067780491,0.0009541961067780491
1971-12-01,Hlth_excess,ols4_restricted,-0.027407607636934284,-0.0009539071961621737,0.0009539071961621737
1971-02-01,Telcm_excess,random_forest,-0.009821146817766246,-0.0009535620764626884,0.0009535620764626884
1977-06-01,HiTec_excess,random_forest,0.006286428897796514,0.000953480208235491,0.000953480208235491
1977-03-01,Hlth_excess,ols4_restricted,0.0017659876957233367,0.00095329370254571,0.00095329370254571
1975-11-01,Utils_excess,random_forest,-0.016170144268891296,0.0009531062938767931,0.0009531062938767931
1976-04-01,HiTec_excess,elastic_net_restricted,-0.026109764951744552,0.0009505700186409616,0.0009505700186409616
1970-02-01,HiTec_excess,random_forest,0.011548541446126048,0.000950201999623923,0.000950201999623923
1971-08-01,Shops_excess,ols4_restricted,-0.020742515873058753,0.0009490981943804933,0.0009490981943804933
1975-08-01,Utils_excess,elastic_net_restricted,-0.021728328434916566,0.000948858684474807,0.000948858684474807
1975-12-01,HiTec_excess,ols4_restricted,0.02024765192555078,0.0009486904030168164,0.0009486904030168164
1972-03-01,Durbl_excess,ols4_restricted,0.0187574743080956,0.0009484319746763115,0.0009484319746763115
1971-10-01,Enrgy_excess,random_forest,0.03175479962103145,0.0009477422423701531,0.0009477422423701531
1977-05-01,Hlth_excess,ols4_restricted,0.004890987467501273,0.0009467498562052423,0.0009467498562052423
1975-04-01,Enrgy_excess,ridge_restricted,0.024854770996839637,-0.0009410554668333182,0.0009410554668333182
1977-08-01,Telcm_excess,elastic_net_restricted,0.013012145783877438,0.0009407441589653898,0.0009407441589653898
1972-12-01,HiTec_excess,ols4_restricted,-0.009466985784577275,-0.0009375829399707047,0.0009375829399707047
1977-12-01,NoDur_excess,random_forest,0.010598371196301248,-0.0009336980905446657,0.0009336980905446657
1972-12-01,Other_excess,ols4_restricted,-0.008188970732265988,0.000931493685847995,0.000931493685847995
1971-12-01,NoDur_excess,ridge_restricted,-0.00011233539020039096,-0.0009312625050923451,0.0009312625050923451
1971-08-01,Utils_excess,ridge_restricted,-0.0021821593290822783,0.0009288104501963268,0.0009288104501963268
1977-10-01,Hlth_excess,ols4_restricted,0.003450744995487809,0.0009268690285019199,0.0009268690285019199
1970-09-01,Telcm_excess,random_forest,0.005026915120943776,0.0009268026277311492,0.0009268026277311492
1977-11-01,Manuf_excess,elastic_net_restricted,0.007836730623426602,-0.000926427308650779,0.000926427308650779
1971-06-01,Durbl_excess,ridge_restricted,0.0215740417609116,0.000926161665139591,0.000926161665139591
1970-08-01,Hlth_excess,random_forest,0.0007651782701775245,-0.0009258392006487037,0.0009258392006487037
1975-04-01,Durbl_excess,random_forest,0.024011064033714002,0.0009255723007548511,0.0009255723007548511
1972-11-01,Manuf_excess,elastic_net_restricted,0.012174618973255336,0.0009254885983439598,0.0009254885983439598
1976-07-01,Utils_excess,ols4_restricted,0.02718334467200323,-0.0009252962001791154,0.0009252962001791154
1971-10-01,Durbl_excess,ols_restricted,-0.012338272745977097,-0.0009250220072820614,0.0009250220072820614
1976-01-01,HiTec_excess,random_forest,0.010782243709638872,-0.0009246620750466006,0.0009246620750466006
1971-10-01,Hlth_excess,elastic_net_restricted,-0.04909585750771939,-0.0009238240004583176,0.0009238240004583176
1972-04-01,Manuf_excess,elastic_net_restricted,0.010501344036789928,-0.0009207561912789597,0.0009207561912789597
1975-11-01,Shops_excess,random_forest,-0.0069523280444034885,0.0009202336701457092,0.0009202336701457092
1975-12-01,NoDur_excess,ols_restricted,-0.029105077200962004,0.0009201863060130933,0.0009201863060130933
1972-09-01,Manuf_excess,ols_restricted,0.008850265452587824,-0.0009186831833495335,0.0009186831833495335
1976-04-01,Hlth_excess,ols_restricted,-0.017646685856749222,0.0009177226377818926,0.0009177226377818926
1972-10-01,Hlth_excess,ols_restricted,-0.024098379041262108,-0.000915736085394192,0.000915736085394192
1976-04-01,Shops_excess,elastic_net_restricted,-0.010852523461785113,-0.0009139868928655925,0.0009139868928655925
1976-03-01,Enrgy_excess,ols4_restricted,0.007017187209198306,-0.0009125671907597166,0.0009125671907597166
1977-08-01,Manuf_excess,ols_restricted,-0.0032768954098663094,0.0009123599387339532,0.0009123599387339532
1975-03-01,Enrgy_excess,ols_restricted,0.018901100286163874,0.0009122157025455158,0.0009122157025455158
1971-01-01,Telcm_excess,ols_restricted,0.05198534657432785,0.0009090226942642943,0.0009090226942642943
1976-10-01,HiTec_excess,random_forest,0.007062680118687492,-0.0009083511769362174,0.0009083511769362174
1976-01-01,Durbl_excess,ridge_restricted,0.036510497212636106,-0.0009081354568840627,0.0009081354568840627
1977-05-01,HiTec_excess,ols4_restricted,0.01656260681845856,0.0009060700240154373,0.0009060700240154373
1975-04-01,Telcm_excess,elastic_net_restricted,0.0060749585451606025,0.0009059444260635097,0.0009059444260635097
1975-04-01,NoDur_excess,random_forest,0.01351644707211519,0.0009030409163290898,0.0009030409163290898
1975-06-01,Shops_excess,ols4_restricted,0.008081447720786117,0.0009028549832242883,0.0009028549832242883
1970-09-01,Durbl_excess,ols4_restricted,0.025578987702888023,-0.0009000029786534469,0.0009000029786534469
1976-06-01,Hlth_excess,ols4_restricted,-0.003695005129088713,-0.000898313364819936,0.000898313364819936
1972-06-01,Other_excess,ridge_restricted,0.005168031493939962,0.0008955340123933953,0.0008955340123933953
1975-04-01,Telcm_excess,ols_restricted,0.011989665023542706,0.0008943801734698775,0.0008943801734698775
1975-10-01,Durbl_excess,ridge_restricted,0.03738978697748485,-0.0008941803673767623,0.0008941803673767623
1977-08-01,Manuf_excess,elastic_net_restricted,0.00724027057841703,0.000893994562009115,0.000893994562009115
1970-07-01,Hlth_excess,ols4_restricted,-0.021141601121965614,-0.0008938380400926871,0.0008938380400926871
1970-09-01,Durbl_excess,ridge_restricted,0.03063394766720806,-0.0008937012704323122,0.0008937012704323122
1977-03-01,Enrgy_excess,ols4_restricted,0.00502336197062736,-0.0008920100645627427,0.0008920100645627427
1972-07-01,Other_excess,ridge_restricted,0.006059788378362296,0.0008917568844223345,0.0008917568844223345
1975-06-01,Manuf_excess,random_forest,0.0025011115665489747,0.0008896334049851573,0.0008896334049851573
1972-10-01,NoDur_excess,random_forest,0.00948176067314943,0.0008891868114841994,0.0008891868114841994
1971-07-01,Hlth_excess,ols_restricted,-0.0359322391640613,0.0008887097797756205,0.0008887097797756205
1977-09-01,HiTec_excess,ols_restricted,-0.022571758195670144,0.0008871881800014414,0.0008871881800014414
1976-05-01,Durbl_excess,elastic_net_restricted,0.001863920890933457,-0.0008867823966932642,0.0008867823966932642
1977-06-01,Shops_excess,ols4_restricted,0.0025980114971732027,-0.0008860242323263101,0.0008860242323263101
1976-03-01,HiTec_excess,ols4_restricted,0.010711984742949543,-0.0008853239169585025,0.0008853239169585025
1975-10-01,Enrgy_excess,elastic_net_restricted,0.0009732990119533103,0.0008828586404420191,0.0008828586404420191
1972-05-01,Utils_excess,ols4_restricted,0.052743759409145774,0.0008814900192168906,0.0008814900192168906
1975-08-01,Manuf_excess,ols_restricted,-0.006511139259401499,0.0008813752735086222,0.0008813752735086222
1971-02-01,Hlth_excess,ols_restricted,-0.025928205196041443,-0.0008812754695235459,0.0008812754695235459
1976-05-01,Durbl_excess,ols_restricted,-0.009763711009962428,-0.0008811036937674821,0.0008811036937674821
1972-08-01,Durbl_excess,elastic_net_restricted,-0.010956020294305535,0.0008808298574332074,0.0008808298574332074
1975-03-01,Utils_excess,ols4_restricted,0.04142576929473951,0.0008807443451742669,0.0008807443451742669
1972-11-01,Utils_excess,elastic_net_restricted,-0.0347955457218343,-0.0008778414782286692,0.0008778414782286692
1975-04-01,NoDur_excess,elastic_net_restricted,-0.02361433751286457,-0.0008775889191459108,0.0008775889191459108
1976-05-01,Utils_excess,ols4_restricted,0.02975101371613642,0.0008771772391897859,0.0008771772391897859
1972-11-01,Other_excess,random_forest,-0.005124303095467964,-0.0008771295646048394,0.0008771295646048394
1972-01-01,Durbl_excess,ridge_restricted,0.0192774215770668,-0.0008763950765894313,0.0008763950765894313
1975-11-01,HiTec_excess,random_forest,0.012124388281076759,-0.0008728984442283316,0.0008728984442283316
1972-09-01,HiTec_excess,ols_restricted,-0.016900393848305217,-0.0008718347071838828,0.0008718347071838828
1975-04-01,NoDur_excess,ols_restricted,-0.02892820974560162,-0.0008700927201328312,0.0008700927201328312
1975-08-01,Enrgy_excess,ols_restricted,0.009045085476624526,0.0008698856531639265,0.0008698856531639265
1975-02-01,Other_excess,ols_restricted,-0.01788477383933751,0.0008695638364766278,0.0008695638364766278
1972-08-01,NoDur_excess,ols_restricted,-0.0222378496278135,-0.0008682088733584781,0.0008682088733584781
1975-04-01,Utils_excess,random_forest,-0.023432601353782223,-0.000867788290241478,0.000867788290241478
1977-08-01,Manuf_excess,ols4_restricted,0.022888370244402267,0.0008666694018171217,0.0008666694018171217
1972-01-01,Hlth_excess,ols_restricted,-0.02737175494785138,0.0008664087742031867,0.0008664087742031867
1975-08-01,Manuf_excess,elastic_net_restricted,0.005585379461144235,0.000864364028890563,0.000864364028890563
1976-03-01,HiTec_excess,elastic_net_restricted,-0.027060334970385513,-0.0008640528649364043,0.0008640528649364043
1976-03-01,HiTec_excess,ols_restricted,-0.02726456621993023,-0.000863937854432173,0.000863937854432173
1970-12-01,HiTec_excess,ridge_restricted,0.0017108205286688882,-0.0008632797174709106,0.0008632797174709106
1975-09-01,Utils_excess,ols_restricted,-0.033683636478705425,0.0008632743118495156,0.0008632743118495156
1972-12-01,NoDur_excess,elastic_net_restricted,-0.03363674202145028,-0.000863179883591858,0.000863179883591858
1971-08-01,Hlth_excess,elastic_net_restricted,-0.048188729807123964,0.0008623705317925001,0.0008623705317925001
1972-05-01,Utils_excess,random_forest,-0.024093711938633966,0.0008620636482450372,0.0008620636482450372
1977-01-01,Other_excess,ols4_restricted,0.009300866899562221,0.0008614879456043667,0.0008614879456043667
1972-03-01,Utils_excess,ols4_restricted,0.04842496329487378,0.0008612418652136355,0.0008612418652136355
1976-07-01,Utils_excess,ols_restricted,-0.03315030390042195,-0.0008593639819796106,0.0008593639819796106
1971-10-01,Shops_excess,random_forest,-0.031009727919558694,0.0008591926098360236,0.0008591926098360236
1971-11-01,HiTec_excess,ols4_restricted,0.006585511514302755,-0.0008587462629832121,0.0008587462629832121
1975-04-01,Telcm_excess,ols4_restricted,0.030414877207657343,0.0008583557640478023,0.0008583557640478023
1977-11-01,Hlth_excess,random_forest,0.010972838004088548,0.0008579972364195498,0.0008579972364195498
1972-01-01,Other_excess,elastic_net_restricted,-0.009294290432568797,0.0008566417680730964,0.0008566417680730964
1971-07-01,Utils_excess,ridge_restricted,-0.003110969779278605,0.0008561789393477515,0.0008561789393477515
1970-12-01,NoDur_excess,ols4_restricted,-0.025421029750814172,-0.0008558274881333983,0.0008558274881333983
1972-09-01,Durbl_excess,ridge_restricted,0.021800488962815612,0.0008551904898853602,0.0008551904898853602
1971-09-01,Other_excess,elastic_net_restricted,-0.010999309727797169,-0.0008544886191301782,0.0008544886191301782
1971-11-01,Manuf_excess,ridge_restricted,0.026338916793236744,0.0008535791180679375,0.0008535791180679375
1971-10-01,NoDur_excess,ridge_restricted,0.0006872192706377511,0.0008531740322037518,0.0008531740322037518
1975-05-01,Durbl_excess,ols_restricted,-0.01132764323944846,-0.0008528887708514343,0.0008528887708514343
1975-03-01,Enrgy_excess,ols4_restricted,0.013582648050774582,0.0008526011417503421,0.0008526011417503421
1971-09-01,Enrgy_excess,ols_restricted,0.022354126804922436,0.0008514124312030136,0.0008514124312030136
1977-03-01,Telcm_excess,ols_restricted,0.016089921710836563,0.0008508509323923441,0.0008508509323923441
1971-01-01,Hlth_excess,ols4_restricted,-0.02823089773551657,-0.0008480434770978817,0.0008480434770978817
1975-09-01,HiTec_excess,elastic_net_restricted,-0.018201772578254616,0.0008435728126814368,0.0008435728126814368
1975-09-01,HiTec_excess,ols_restricted,-0.017780326929003776,0.0008430303366586678,0.0008430303366586678
1975-09-01,Utils_excess,elastic_net_restricted,-0.02088639521954394,0.0008419332153726256,0.0008419332153726256
1977-10-01,Shops_excess,ols4_restricted,0.003297686362197294,0.0008417873830587341,0.0008417873830587341
1971-07-01,Hlth_excess,ols4_restricted,-0.02779691525080774,0.0008414379608865374,0.0008414379608865374
1975-10-01,Other_excess,ols4_restricted,0.015119616079163234,-0.000840959653201967,0.000840959653201967
1977-07-01,Telcm_excess,elastic_net_restricted,0.012071401624912048,-0.0008400319229304731,0.0008400319229304731
1976-09-01,HiTec_excess,ols4_restricted,0.010635112074310227,-0.0008385411458404768,0.0008385411458404768
1975-10-01,Shops_excess,random_forest,-0.007872561714549198,0.000835375327123522,0.000835375327123522
1975-08-01,Utils_excess,ols4_restricted,0.03495229134475508,0.0008348759631178204,0.0008348759631178204
1972-09-01,Durbl_excess,ols4_restricted,0.01842558537499772,0.0008344426780547698,0.0008344426780547698
1975-01-01,Other_excess,ridge_restricted,0.015347916368120385,0.0008332043304106751,0.0008332043304106751
1971-11-01,Enrgy_excess,ols4_restricted,0.019455589867409584,0.0008314988964547299,0.0008314988964547299
1975-08-01,Manuf_excess,ols4_restricted,0.022958958082519465,0.0008303067522760221,0.0008303067522760221
1971-10-01,Shops_excess,ols4_restricted,-0.021673166201692018,-0.0008260656690419754,0.0008260656690419754
1971-10-01,Telcm_excess,random_forest,0.002998715121674933,0.0008258528792843833,0.0008258528792843833
1976-10-01,Enrgy_excess,elastic_net_restricted,-0.0025880547004919485,-0.0008241005311018235,0.0008241005311018235
1975-11-01,Utils_excess,elastic_net_restricted,-0.022335633462528648,0.0008219306392476255,0.0008219306392476255
1970-02-01,Utils_excess,ridge_restricted,-0.00225125584903596,-0.0008219268662068568,0.0008219268662068568
1976-07-01,Shops_excess,ols_restricted,-0.014035441419489647,0.0008216237313212194,0.0008216237313212194
1976-05-01,NoDur_excess,random_forest,0.01552648174519966,-0.0008163998771926195,0.0008163998771926195
1975-03-01,Telcm_excess,ols4_restricted,0.02955652144360954,0.0008129347852734448,0.0008129347852734448
1975-12-01,NoDur_excess,elastic_net_restricted,-0.023824164653546642,0.000812541743546058,0.000812541743546058
1972-07-01,Shops_excess,elastic_net_restricted,-0.01703354094172771,-0.0008121534831220245,0.0008121534831220245
1976-05-01,Manuf_excess,elastic_net_restricted,-0.0007941790316228214,0.0008091835031192041,0.0008091835031192041
1977-10-01,Utils_excess,ols4_restricted,0.02154279089533706,0.0008089458165538854,0.0008089458165538854
1975-07-01,NoDur_excess,elastic_net_restricted,-0.02618092946771977,-0.0008081670245760897,0.0008081670245760897
1972-08-01,HiTec_excess,elastic_net_restricted,-0.03115996918313768,-0.0008068916639569768,0.0008068916639569768
1972-03-01,Telcm_excess,ols_restricted,0.027727937941180447,0.0008067046043368498,0.0008067046043368498
1977-06-01,NoDur_excess,ols_restricted,-0.02419997505292515,-0.0008038644774048809,0.0008038644774048809
1971-08-01,Shops_excess,ridge_restricted,-0.0187015219106883,-0.0008005884359922888,0.0008005884359922888
1971-10-01,Other_excess,ridge_restricted,0.006662608973177608,0.0007981830756529362,0.0007981830756529362
1972-01-01,Durbl_excess,elastic_net_restricted,-0.003144629007795441,0.0007971464941092243,0.0007971464941092243
1977-02-01,Shops_excess,ols_restricted,-0.015881407229437094,0.0007950083452268331,0.0007950083452268331
1976-12-01,Other_excess,elastic_net_restricted,-0.01536772270976794,0.0007945307073544683,0.0007945307073544683
1972-03-01,Telcm_excess,ols4_restricted,0.03966099896953257,0.0007931233516778047,0.0007931233516778047
1975-11-01,Other_excess,ols4_restricted,0.014326845973491875,-0.0007927701056713587,0.0007927701056713587
1977-01-01,Hlth_excess,ols_restricted,-0.01190975622778323,0.000792006009546764,0.000792006009546764
1972-05-01,NoDur_excess,elastic_net_restricted,-0.027188488787882603,-0.0007914991401472005,0.0007914991401472005
1976-03-01,Shops_excess,random_forest,-0.0032765790480910884,0.0007906701793647386,0.0007906701793647386
1972-05-01,Durbl_excess,ridge_restricted,0.019586916919279607,0.00079028931122338,0.00079028931122338
1975-09-01,HiTec_excess,ols4_restricted,0.02476027198547215,0.00078827296773476,0.00078827296773476
1976-07-01,Enrgy_excess,random_forest,0.005691558651465978,-0.0007877571541511363,0.0007877571541511363
1970-03-01,NoDur_excess,ols4_restricted,-0.03100456373812599,0.0007876132393835888,0.0007876132393835888
1970-01-01,Telcm_excess,random_forest,-0.0006469762012395464,0.0007871914221859733,0.0007871914221859733
1975-10-01,Other_excess,elastic_net_restricted,-0.01496843948125548,-0.0007865242417941509,0.0007865242417941509
1977-02-01,Shops_excess,elastic_net_restricted,-0.010725147818869907,0.0007858441421235707,0.0007858441421235707
1975-10-01,Other_excess,ols_restricted,-0.016196307294699785,-0.0007843027792124868,0.0007843027792124868
1977-08-01,Shops_excess,elastic_net_restricted,-0.00959248288479686,-0.0007827976415997195,0.0007827976415997195
1972-06-01,Enrgy_excess,ridge_restricted,0.044523906283580716,0.0007820424718438801,0.0007820424718438801
1976-05-01,Other_excess,random_forest,0.01770140437041956,-0.000781612155013045,0.000781612155013045
1977-09-01,Telcm_excess,random_forest,0.01247735813174633,0.0007806403878302115,0.0007806403878302115
1971-05-01,NoDur_excess,ridge_restricted,-0.000758797158350033,0.0007800200241405708,0.0007800200241405708
1975-05-01,NoDur_excess,ols4_restricted,0.0051032451149600755,-0.0007800066871880285,0.0007800066871880285
1972-10-01,Shops_excess,ols_restricted,-0.021063406288459152,-0.0007779572917288036,0.0007779572917288036
1977-03-01,Telcm_excess,ols4_restricted,0.014501595400221334,0.0007769968406500238,0.0007769968406500238
1977-11-01,Other_excess,elastic_net_restricted,-0.016250641352259843,-0.0007769718946522008,0.0007769718946522008
1975-06-01,Telcm_excess,random_forest,0.011003581842008225,0.000776755036158705,0.000776755036158705
1972-06-01,Utils_excess,ridge_restricted,0.000791929910041067,0.0007763918933146874,0.0007763918933146874
1971-08-01,Shops_excess,ols_restricted,-0.018454866310331886,-0.0007757717141945175,0.0007757717141945175
1972-05-01,Manuf_excess,random_forest,-0.002352806245078165,-0.0007746769111860452,0.0007746769111860452
1970-03-01,Utils_excess,ridge_restricted,-0.0030257188132176704,-0.0007744629641817102,0.0007744629641817102
1975-07-01,Enrgy_excess,ols4_restricted,0.008351639772148145,-0.0007739278044376352,0.0007739278044376352
1977-03-01,NoDur_excess,ols_restricted,-0.024034119688497668,0.0007731614427204381,0.0007731614427204381
1971-11-01,Other_excess,elastic_net_restricted,-0.012937171032301853,-0.0007725067349466652,0.0007725067349466652
1976-12-01,Manuf_excess,random_forest,0.00020972089015691697,0.0007710481184711737,0.0007710481184711737
1972-09-01,Telcm_excess,elastic_net_restricted,0.012656129469092225,-0.0007703711327076146,0.0007703711327076146
1976-02-01,Telcm_excess,random_forest,0.012405799360913017,0.0007700792107974141,0.0007700792107974141
1972-05-01,Other_excess,ols4_restricted,-0.011462034926378761,0.0007699852215821146,0.0007699852215821146
1975-01-01,Hlth_excess,ols4_restricted,0.004001967951369201,0.0007693167654031496,0.0007693167654031496
1972-03-01,Manuf_excess,ridge_restricted,0.017441343416171207,-0.000768974588299498,0.000768974588299498
1970-11-01,Hlth_excess,ols4_restricted,-0.026117696078979735,-0.0007662980820553056,0.0007662980820553056
1975-01-01,Durbl_excess,elastic_net_restricted,0.003508305940840728,0.0007659888375324275,0.0007659888375324275
1977-02-01,NoDur_excess,ols_restricted,-0.024807281131218106,0.0007657782848531358,0.0007657782848531358
1977-08-01,Hlth_excess,elastic_net_restricted,-0.012924716889358923,-0.0007657363958233354,0.0007657363958233354
1977-03-01,NoDur_excess,elastic_net_restricted,-0.019392138794043445,0.0007652626717347122,0.0007652626717347122
1977-11-01,Utils_excess,ols_restricted,-0.031089952848048608,-0.0007644089798162224,0.0007644089798162224
1977-10-01,Utils_excess,ols_restricted,-0.030325543868232385,0.0007633331580074731,0.0007633331580074731
1975-11-01,Utils_excess,ols_restricted,-0.03505261604924281,0.0007630366292021851,0.0007630366292021851
1971-05-01,Shops_excess,elastic_net_restricted,-0.015968196054726214,0.0007629212174657951,0.0007629212174657951
1971-11-01,Telcm_excess,ols_restricted,0.03405743763944946,-0.0007628345131436287,0.0007628345131436287
1977-11-01,Utils_excess,ols4_restricted,0.02078109517290805,-0.0007616957224290122,0.0007616957224290122
1976-05-01,Enrgy_excess,random_forest,0.007085221995503321,0.0007614018190135186,0.0007614018190135186
1975-12-01,Shops_excess,ols4_restricted,0.00463646971336007,-0.0007610901646134538,0.0007610901646134538
1971-09-01,Other_excess,ols4_restricted,-0.006963283467735115,0.0007609796522363155,0.0007609796522363155
1976-08-01,HiTec_excess,ols_restricted,-0.026496493230672158,0.0007596163108067877,0.0007596163108067877
1972-09-01,Enrgy_excess,ridge_restricted,0.03853498317996429,0.0007589399686205311,0.0007589399686205311
1976-01-01,HiTec_excess,ridge_restricted,0.010167100587678335,-0.0007582560350861689,0.0007582560350861689
1977-01-01,Enrgy_excess,random_forest,0.005650596807453723,-0.0007581412803614462,0.0007581412803614462
1977-02-01,NoDur_excess,elastic_net_restricted,-0.020157401465778158,0.000758094046308555,0.000758094046308555
1972-06-01,Enrgy_excess,random_forest,0.028426129073161444,0.0007580479469424528,0.0007580479469424528
1972-04-01,Durbl_excess,random_forest,-0.011613736678923514,0.0007560131140837978,0.0007560131140837978
1976-01-01,Enrgy_excess,ridge_restricted,0.022156550336646097,0.000754779838159858,0.000754779838159858
1971-01-01,Shops_excess,ridge_restricted,-0.01707415872692719,0.0007543099978537526,0.0007543099978537526
1977-03-01,NoDur_excess,random_forest,0.013702360213724063,0.000751826024118496,0.000751826024118496
1977-09-01,Manuf_excess,ols_restricted,-0.0025252306316010387,0.0007516647782652708,0.0007516647782652708
1975-09-01,Utils_excess,ols4_restricted,0.03569985947813015,0.000747568133375065,0.000747568133375065
1971-03-01,Utils_excess,ridge_restricted,-0.006092491823013413,-0.0007459313008173485,0.0007459313008173485
1971-02-01,Manuf_excess,random_forest,0.00505373537228937,-0.0007439308340809747,0.0007439308340809747
1976-08-01,Telcm_excess,elastic_net_restricted,0.01200642233278082,0.000743852892502006,0.000743852892502006
1977-08-01,NoDur_excess,random_forest,0.015140979817710898,-0.0007437306307700453,0.0007437306307700453
1971-03-01,NoDur_excess,random_forest,-0.0009515981572110199,-0.0007436176085726665,0.0007436176085726665
1970-11-01,HiTec_excess,ridge_restricted,0.002574100246139799,-0.0007427873191627743,0.0007427873191627743
1975-02-01,Other_excess,elastic_net_restricted,-0.01567669737491184,0.0007407435556698871,0.0007407435556698871
1975-04-01,Other_excess,ols4_restricted,0.014329745696427088,-0.0007398769295581253,0.0007398769295581253
1972-07-01,Enrgy_excess,elastic_net_restricted,0.01830345126809163,0.0007377715797071138,0.0007377715797071138
1975-10-01,Telcm_excess,random_forest,0.00928421657570433,-0.0007373408916873103,0.0007373408916873103
1976-02-01,Shops_excess,ols4_restricted,0.0058139915329036285,0.0007351190869273605,0.0007351190869273605
1976-02-01,Durbl_excess,ols4_restricted,0.04809808426585538,0.0007320382594760977,0.0007320382594760977
1972-04-01,Hlth_excess,ols_restricted,-0.023371614942995667,-0.0007310567174436677,0.0007310567174436677
1971-08-01,Shops_excess,elastic_net_restricted,-0.02011304465035102,0.0007307649737628985,0.0007307649737628985
1972-12-01,Hlth_excess,ols4_restricted,-0.027525872554177377,-0.0007286180242358498,0.0007286180242358498
1975-09-01,NoDur_excess,ols4_restricted,0.005648280791444749,0.0007281191546683052,0.0007281191546683052
1972-06-01,Hlth_excess,elastic_net_restricted,-0.03402979646714277,0.0007243152636162709,0.0007243152636162709
1976-08-01,HiTec_excess,ols4_restricted,0.011473653220150704,0.0007183289257770564,0.0007183289257770564
1977-09-01,Manuf_excess,ols4_restricted,0.023606623298746188,0.0007182530543439203,0.0007182530543439203
1971-08-01,Enrgy_excess,random_forest,0.029548918094882803,0.0007176399866434258,0.0007176399866434258
1971-06-01,Durbl_excess,ols4_restricted,0.022601761332112114,-0.0007151950029729015,0.0007151950029729015
1976-09-01,HiTec_excess,ols_restricted,-0.02721044984232046,-0.0007139566116483032,0.0007139566116483032
1975-08-01,Enrgy_excess,elastic_net_restricted,-0.0005765937317954162,0.0007135511082834167,0.0007135511082834167
1971-03-01,NoDur_excess,ridge_restricted,-0.001439120020649387,-0.0007113279026393915,0.0007113279026393915
1970-03-01,Telcm_excess,ols_restricted,0.03485721462412483,0.0007112264352192588,0.0007112264352192588
1972-12-01,Durbl_excess,ols4_restricted,0.013357581475982316,-0.0007107196476955346,0.0007107196476955346
1972-07-01,Utils_excess,ols_restricted,-0.03720322759551986,0.0007100741217413997,0.0007100741217413997
1976-09-01,Hlth_excess,ols4_restricted,-0.0043516822687841294,-0.0007093324736608952,0.0007093324736608952
1976-01-01,Other_excess,ols_restricted,-0.016973511936229313,-0.0007088180316645598,0.0007088180316645598
1977-10-01,HiTec_excess,elastic_net_restricted,-0.02290693948202205,0.0007082232065238614,0.0007082232065238614
1977-07-01,Telcm_excess,ols4_restricted,0.01414395181659045,0.0007077955311500794,0.0007077955311500794
1976-04-01,Manuf_excess,ols_restricted,-0.012313323802678466,0.0007073376701027811,0.0007073376701027811
1976-02-01,Telcm_excess,elastic_net_restricted,0.012048468095050557,0.000704926883031809,0.000704926883031809
1976-05-01,Manuf_excess,ols4_restricted,0.015546305525544257,0.0007046990122039354,0.0007046990122039354
1975-01-01,HiTec_excess,ridge_restricted,0.01167579841898636,-0.0007045251610066083,0.0007045251610066083
1972-07-01,Utils_excess,elastic_net_restricted,-0.029331547937697655,0.0007042013357521082,0.0007042013357521082
1977-10-01,Hlth_excess,ols_restricted,-0.008836331740426528,0.0007041250648145425,0.0007041250648145425
1971-04-01,NoDur_excess,elastic_net_restricted,-0.03763166467562917,0.000702773109616972,0.000702773109616972
1976-04-01,Manuf_excess,ols4_restricted,0.014841606513340322,0.0007025334265298167,0.0007025334265298167
1970-08-01,NoDur_excess,ols_restricted,-0.012615316891817718,-0.0007024842526957009,0.0007024842526957009
1975-12-01,Durbl_excess,ols_restricted,-0.012963085011408415,0.0007024764081631218,0.0007024764081631218
1975-07-01,Enrgy_excess,ols_restricted,0.0081751998234606,0.0007022173519960484,0.0007022173519960484
1975-04-01,Other_excess,elastic_net_restricted,-0.016603178375130145,-0.0007019503355170098,0.0007019503355170098
1975-04-01,Other_excess,ols_restricted,-0.018693612310940022,-0.0006993872723204397,0.0006993872723204397
1971-12-01,Durbl_excess,ols4_restricted,0.01823990509208584,-0.0006992011560242872,0.0006992011560242872
1975-03-01,Durbl_excess,elastic_net_restricted,0.00377755706486671,-0.0006973214577208342,0.0006973214577208342
1976-05-01,Hlth_excess,random_forest,0.006567457643301244,0.0006966021102158271,0.0006966021102158271
1976-12-01,Hlth_excess,ols_restricted,-0.012701762237329994,-0.0006965877303717338,0.0006965877303717338
1972-03-01,Utils_excess,random_forest,-0.02847475459097093,0.0006963095878247394,0.0006963095878247394
1971-02-01,Manuf_excess,elastic_net_restricted,0.031498220178553304,-0.0006941035612334501,0.0006941035612334501
1971-02-01,Manuf_excess,ols_restricted,0.02995250120068227,-0.0006941010160036454,0.0006941010160036454
1971-02-01,Manuf_excess,ols4_restricted,0.02283306092509063,-0.00069408929290804,0.00069408929290804
1972-05-01,HiTec_excess,ridge_restricted,-0.00010575536648627093,-0.0006938896542705297,0.0006938896542705297
1977-12-01,Telcm_excess,ols_restricted,0.017483595462436052,-0.0006926500090065346,0.0006926500090065346
1976-01-01,Manuf_excess,random_forest,0.001989418074660909,0.0006922292869194768,0.0006922292869194768
1972-06-01,Telcm_excess,ols_restricted,0.02793186441170581,-0.0006921395268686403,0.0006921395268686403
1975-06-01,Telcm_excess,elastic_net_restricted,0.003805111999704791,-0.000691773156187625,0.000691773156187625
1976-07-01,HiTec_excess,random_forest,0.008182495405790413,-0.0006916071409910352,0.0006916071409910352
1977-11-01,Telcm_excess,ols_restricted,0.018176245471442587,-0.0006916048465211988,0.0006916048465211988
1977-12-01,Telcm_excess,ols4_restricted,0.01543731829056838,-0.0006914841407529293,0.0006914841407529293
1977-05-01,NoDur_excess,random_forest,0.014354809359323095,0.0006912085841834781,0.0006912085841834781
1977-11-01,Telcm_excess,ols4_restricted,0.01612880243132131,-0.0006904338177353697,0.0006904338177353697
1976-11-01,Utils_excess,elastic_net_restricted,-0.0212240594672346,-0.0006899395033255207,0.0006899395033255207
1977-11-01,Telcm_excess,elastic_net_restricted,0.014473837283092705,-0.0006894872654795714,0.0006894872654795714
1972-03-01,NoDur_excess,elastic_net_restricted,-0.027067148157507548,-0.000689414014534373,0.000689414014534373
1972-04-01,Manuf_excess,random_forest,-0.0015781293338921198,-0.0006877763097143941,0.0006877763097143941
1972-12-01,Manuf_excess,ols_restricted,0.009935097210329258,-0.0006872602436511777,0.0006872602436511777
1971-06-01,Hlth_excess,random_forest,-0.021245436319550226,-0.0006854453931202098,0.0006854453931202098
1975-06-01,HiTec_excess,ols4_restricted,0.01805415582613834,-0.0006842986935599038,0.0006842986935599038
1972-01-01,Utils_excess,ols_restricted,-0.05147285770676513,-0.000684261143945708,0.000684261143945708
1975-11-01,Hlth_excess,random_forest,0.004524256503998569,-0.0006825453503178647,0.0006825453503178647
1972-08-01,Shops_excess,random_forest,-0.02778529851633804,0.0006796194210194617,0.0006796194210194617
1970-05-01,HiTec_excess,ridge_restricted,0.005977627782253636,0.0006784527518675088,0.0006784527518675088
1976-11-01,Shops_excess,elastic_net_restricted,-0.010249264127407676,-0.000675957330412702,0.000675957330412702
1977-07-01,Enrgy_excess,ols4_restricted,0.005116863199589483,-0.0006746541194326827,0.0006746541194326827
1975-06-01,HiTec_excess,ols_restricted,-0.026015779989958077,-0.0006738917596971206,0.0006738917596971206
1975-06-01,HiTec_excess,elastic_net_restricted,-0.026452376633785413,-0.0006737886591976494,0.0006737886591976494
1972-03-01,Other_excess,ols_restricted,-0.0005072442229105967,-0.0006708771103242084,0.0006708771103242084
1972-04-01,NoDur_excess,elastic_net_restricted,-0.026396989647735403,0.0006701585097721452,0.0006701585097721452
1975-09-01,Enrgy_excess,elastic_net_restricted,9.044037151129114e-05,0.0006670341033067073,0.0006670341033067073
1977-06-01,Durbl_excess,random_forest,0.02548198393361112,0.000666878165624829,0.000666878165624829
1976-05-01,Other_excess,ols_restricted,-0.017054237155661678,0.0006645109625051937,0.0006645109625051937
1976-02-01,Other_excess,elastic_net_restricted,-0.015953656119888082,-0.0006636796287597946,0.0006636796287597946
1972-02-01,Durbl_excess,elastic_net_restricted,-0.003808155268699931,-0.0006635262609044901,0.0006635262609044901
1972-04-01,NoDur_excess,ols_restricted,-0.01578650007579152,0.0006634512887950805,0.0006634512887950805
1975-11-01,Enrgy_excess,ridge_restricted,0.021279984850840705,-0.0006621028614899327,0.0006621028614899327
1976-05-01,Other_excess,elastic_net_restricted,-0.015535971224353906,0.0006620673043158387,0.0006620673043158387
1976-02-01,Other_excess,ols_restricted,-0.017635280758193872,-0.000661768821964559,0.000661768821964559
1972-06-01,Hlth_excess,ols_restricted,-0.021024970721814196,0.0006612976618480815,0.0006612976618480815
1976-11-01,Telcm_excess,random_forest,0.013025829088722962,0.0006602520848901783,0.0006602520848901783
1975-07-01,NoDur_excess,ols4_restricted,0.004464124317964724,-0.0006584252267635149,0.0006584252267635149
1977-06-01,Telcm_excess,ols4_restricted,0.01343615628544037,-0.000657262091634303,0.000657262091634303
1970-06-01,Utils_excess,ridge_restricted,0.0017456737150539636,0.0006555626165219985,0.0006555626165219985
1977-06-01,Enrgy_excess,ridge_restricted,0.022884081464265904,0.0006543446938283015,0.0006543446938283015
1971-09-01,Manuf_excess,ridge_restricted,0.02408718856868819,0.0006537139103648393,0.0006537139103648393
1972-10-01,Telcm_excess,random_forest,-0.0012717959259092027,-0.000652679529655753,0.000652679529655753
1975-07-01,Other_excess,ridge_restricted,0.015439566052145137,-0.0006499786625803194,0.0006499786625803194
1971-08-01,Other_excess,random_forest,-0.006045357354908409,-0.0006491990466777064,0.0006491990466777064
1977-02-01,Other_excess,ols_restricted,-0.017886889299131514,0.0006491000971264871,0.0006491000971264871
1976-01-01,Hlth_excess,random_forest,0.008406868097375675,-0.0006482054003031923,0.0006482054003031923
1971-11-01,Durbl_excess,elastic_net_restricted,-0.007723142680098105,-0.0006475320798546846,0.0006475320798546846
1976-10-01,Utils_excess,ols4_restricted,0.025258162392582717,0.0006474130501950004,0.0006474130501950004
1976-12-01,Enrgy_excess,ols4_restricted,0.007246165288224415,0.0006465528619629124,0.0006465528619629124
1977-05-01,Manuf_excess,random_forest,0.00028957116591954435,0.0006460892448475475,0.0006460892448475475
1977-02-01,Other_excess,elastic_net_restricted,-0.01574094555477279,0.0006457335454372881,0.0006457335454372881
1972-04-01,Other_excess,ols4_restricted,-0.012232020147960876,-0.0006437237211771585,0.0006437237211771585
1972-06-01,NoDur_excess,random_forest,0.004954364883016371,0.0006422059733085517,0.0006422059733085517
1972-07-01,Utils_excess,ols4_restricted,0.0555938865313268,0.0006408414274027274,0.0006408414274027274
1977-02-01,Durbl_excess,elastic_net_restricted,0.0018279625540124078,0.0006401548297436666,0.0006401548297436666
1972-01-01,Hlth_excess,elastic_net_restricted,-0.04144921609844787,0.0006390590750315894,0.0006390590750315894
1972-09-01,NoDur_excess,ols4_restricted,-0.020582020191621586,0.0006384945613897575,0.0006384945613897575
1975-08-01,Utils_excess,random_forest,-0.01821900432381507,0.0006382420221040519,0.0006382420221040519
1977-11-01,NoDur_excess,ols4_restricted,0.0011622673824165375,-0.0006378678857722475,0.0006378678857722475
1971-04-01,Shops_excess,ridge_restricted,-0.019131068645286575,-0.0006371245122587244,0.0006371245122587244
1976-08-01,Enrgy_excess,random_forest,0.00505858996934172,-0.0006329686821242575,0.0006329686821242575
1971-01-01,NoDur_excess,ols4_restricted,-0.024792666241875372,0.0006283635089388007,0.0006283635089388007
1975-05-01,Shops_excess,elastic_net_restricted,-0.012503671154514118,-0.0006276493782009229,0.0006276493782009229
1972-05-01,NoDur_excess,ols_restricted,-0.0164122069828343,-0.0006257069070427779,0.0006257069070427779
1976-08-01,NoDur_excess,random_forest,0.013620324608370926,-0.0006257013509339826,0.0006257013509339826
1977-07-01,Enrgy_excess,ridge_restricted,0.022259803851239157,-0.0006242776130267469,0.0006242776130267469
1972-02-01,Shops_excess,random_forest,-0.030408596456873216,-0.0006237405104227989,0.0006237405104227989
1977-02-01,Manuf_excess,ols_restricted,-0.007309003899765409,0.0006225794244156813,0.0006225794244156813
1971-07-01,NoDur_excess,ridge_restricted,0.00010977244246701545,0.0006216101723548473,0.0006216101723548473
1975-02-01,Other_excess,ols4_restricted,0.016082640662488212,-0.0006216036256144752,0.0006216036256144752
1975-07-01,Utils_excess,random_forest,-0.01885724634591912,-0.0006215604889914239,0.0006215604889914239
1976-09-01,Hlth_excess,ols_restricted,-0.017704248615421303,-0.0006214316474331127,0.0006214316474331127
1972-09-01,Other_excess,ridge_restricted,0.00611166607399094,0.0006199594081338633,0.0006199594081338633
1976-02-01,Durbl_excess,ols_restricted,-0.009023860889105118,0.0006199333649408167,0.0006199333649408167
1976-05-01,Enrgy_excess,elastic_net_restricted,-0.0011255559324350184,-0.0006189012645232417,0.0006189012645232417
1975-08-01,Telcm_excess,random_forest,0.009450348218721927,0.0006188322555477077,0.0006188322555477077
1971-01-01,Hlth_excess,elastic_net_restricted,-0.04456567688277491,-0.0006177038572126037,0.0006177038572126037
1976-05-01,Other_excess,ols4_restricted,0.01123443938251667,0.0006160559645467245,0.0006160559645467245
1971-01-01,Enrgy_excess,elastic_net_restricted,0.018315583764014765,0.0006152204074837408,0.0006152204074837408
1975-05-01,Manuf_excess,random_forest,0.0016114781615638174,0.0006151192799622729,0.0006151192799622729
1976-03-01,Enrgy_excess,ridge_restricted,0.02171654235507292,-0.0006148962098250221,0.0006148962098250221
1971-01-01,Enrgy_excess,ols_restricted,0.019792309301077782,0.000614291884958762,0.000614291884958762
1976-03-01,Durbl_excess,ols4_restricted,0.04871224683574682,0.000614162569891441,0.000614162569891441
1972-10-01,Other_excess,ols_restricted,-0.007951945973996732,-0.00061399285675523,0.00061399285675523
1971-09-01,Enrgy_excess,elastic_net_restricted,0.022029063350883393,0.0006130688491656766,0.0006130688491656766
1977-02-01,Manuf_excess,elastic_net_restricted,0.0033721943374019903,0.0006130106462893803,0.0006130106462893803
1977-11-01,Shops_excess,random_forest,-0.008131042955261236,0.0006118533296683992,0.0006118533296683992
1970-06-01,Hlth_excess,random_forest,0.002154409207309693,0.0006116972513232621,0.0006116972513232621
1976-02-01,Other_excess,ols4_restricted,0.010368278424564892,-0.0006108107641018545,0.0006108107641018545
1971-01-01,Enrgy_excess,random_forest,0.02882367381373918,0.0006106203142575151,0.0006106203142575151
1971-06-01,Manuf_excess,ols4_restricted,0.01733902189559544,0.0006105321801600505,0.0006105321801600505
1972-09-01,Hlth_excess,random_forest,-0.017099022295721245,-0.0006103411968299,0.0006103411968299
1977-01-01,Manuf_excess,random_forest,-0.0004002014350865668,-0.0006099223252434838,0.0006099223252434838
1975-04-01,Other_excess,random_forest,0.014969869475743303,0.0006098685691849903,0.0006098685691849903
1977-08-01,Enrgy_excess,ridge_restricted,0.021651268480923913,-0.0006085353703152441,0.0006085353703152441
1972-01-01,Other_excess,ridge_restricted,0.004812471787796757,-0.0006081119535263912,0.0006081119535263912
1975-11-01,Enrgy_excess,elastic_net_restricted,0.0003654302959834599,-0.0006078687159698504,0.0006078687159698504
1976-04-01,Manuf_excess,random_forest,0.0014260761676546663,-0.0006071898273304344,0.0006071898273304344
1971-06-01,Manuf_excess,ols_restricted,0.02427897490134845,0.0006062203526495669,0.0006062203526495669
1972-01-01,Enrgy_excess,ols4_restricted,0.010593913318417747,0.0006059829671446471,0.0006059829671446471
1976-06-01,Enrgy_excess,random_forest,0.006479315805617114,-0.0006059061898862073,0.0006059061898862073
1971-06-01,Manuf_excess,elastic_net_restricted,0.025785724961925993,0.0006052842013014592,0.0006052842013014592
1971-01-01,Enrgy_excess,ols4_restricted,0.009162809951511308,0.0006048071154172163,0.0006048071154172163
1977-10-01,Enrgy_excess,ridge_restricted,0.0208857607442412,-0.0006043561032420541,0.0006043561032420541
1972-01-01,Shops_excess,ols4_restricted,-0.017876968573648844,-0.0006041604912110365,0.0006041604912110365
1972-04-01,Durbl_excess,ridge_restricted,0.018796627608056227,0.0006040045353993273,0.0006040045353993273
1977-10-01,Shops_excess,elastic_net_restricted,-0.008843453793767164,0.0006039976689851123,0.0006039976689851123
1977-01-01,Enrgy_excess,ols_restricted,0.006922729525532079,-0.0006037898450335089,0.0006037898450335089
1971-11-01,Manuf_excess,random_forest,0.009788663356902427,0.0006033537831267033,0.0006033537831267033
1975-04-01,Shops_excess,elastic_net_restricted,-0.011876021776313195,-0.0006033244286238748,0.0006033244286238748
1971-11-01,Other_excess,ols4_restricted,-0.0031462292171189343,0.0006025557664302017,0.0006025557664302017
1975-04-01,Shops_excess,ols_restricted,-0.01639930831881653,-0.0006011332649653589,0.0006011332649653589
1972-09-01,Enrgy_excess,random_forest,0.021453801321426824,0.0006002383465958383,0.0006002383465958383
1977-09-01,Hlth_excess,ols4_restricted,0.002523875966985889,0.0005997536200611497,0.0005997536200611497
1971-01-01,Enrgy_excess,ridge_restricted,0.043463633891888565,0.0005994080371977129,0.0005994080371977129
1977-02-01,Manuf_excess,ols4_restricted,0.019264351478740727,0.000598773617609849,0.000598773617609849
1977-02-01,HiTec_excess,elastic_net_restricted,-0.025277302743310637,0.0005985571312949745,0.0005985571312949745
1972-08-01,Other_excess,random_forest,-0.004747331465885463,-0.0005983125368063114,0.0005983125368063114
1977-02-01,HiTec_excess,ols_restricted,-0.024706989970116888,0.0005981126948542137,0.0005981126948542137
1972-07-01,Shops_excess,ridge_restricted,-0.01516055349126555,0.0005974855247383726,0.0005974855247383726
1972-07-01,Utils_excess,random_forest,-0.02173525150565947,0.0005971525003425349,0.0005971525003425349
1972-01-01,Utils_excess,random_forest,-0.03120643038897275,0.0005953124312896296,0.0005953124312896296
1972-05-01,Telcm_excess,random_forest,0.0031054190546793148,-0.0005953103114935132,0.0005953103114935132
1977-12-01,Shops_excess,ols_restricted,-0.013916558996915684,0.0005922189612730389,0.0005922189612730389
1977-01-01,Enrgy_excess,elastic_net_restricted,-0.0005816284460498089,-0.0005914177367617457,0.0005914177367617457
1976-08-01,Utils_excess,ols_restricted,-0.033740421785780406,-0.0005901178853584543,0.0005901178853584543
1972-09-01,HiTec_excess,ridge_restricted,0.0010771121911797854,0.0005898672546538197,0.0005898672546538197
1976-01-01,Durbl_excess,ols4_restricted,0.04736604600637928,-0.0005887390593608544,0.0005887390593608544
1976-08-01,HiTec_excess,elastic_net_restricted,-0.026902936047688675,0.0005886492280013922,0.0005886492280013922
1972-01-01,Enrgy_excess,random_forest,0.028022527033872202,0.0005850645107647878,0.0005850645107647878
1977-05-01,NoDur_excess,ols_restricted,-0.023396110575520268,0.0005849633925321118,0.0005849633925321118
1971-11-01,Utils_excess,elastic_net_restricted,-0.039368343836030384,-0.0005841511808215571,0.0005841511808215571
1970-10-01,Utils_excess,ridge_restricted,-0.0018791923834386992,0.0005828639989682305,0.0005828639989682305
1977-08-01,Shops_excess,ols4_restricted,0.002176318501461272,-0.0005815846859295037,0.0005815846859295037
1976-02-01,Hlth_excess,elastic_net_restricted,-0.017860053918789198,0.0005813536178487233,0.0005813536178487233
1972-04-01,NoDur_excess,random_forest,0.004064381123772831,-0.0005808287778746868,0.0005808287778746868
1972-08-01,Hlth_excess,ols_restricted,-0.01944472924333085,-0.0005802952376328108,0.0005802952376328108
1975-03-01,Utils_excess,random_forest,-0.022564813063540745,-0.0005801701980896468,0.0005801701980896468
1972-08-01,NoDur_excess,elastic_net_restricted,-0.03220316785848709,-0.0005798320811434277,0.0005798320811434277
1971-04-01,NoDur_excess,ols4_restricted,-0.021747795127481817,0.0005795570636586422,0.0005795570636586422
1971-11-01,Enrgy_excess,ridge_restricted,0.05045288821941529,0.0005793489793851636,0.0005793489793851636
1972-12-01,Telcm_excess,ols_restricted,0.0322801401573416,-0.0005781037951666512,0.0005781037951666512
1972-03-01,Telcm_excess,elastic_net_restricted,0.015215931916502834,0.0005775183121027316,0.0005775183121027316
1975-09-01,Enrgy_excess,random_forest,0.005502227236060198,-0.0005771201025872585,0.0005771201025872585
1975-10-01,NoDur_excess,ridge_restricted,0.008385365733479477,-0.000576448870845625,0.000576448870845625
1977-01-01,Shops_excess,ols4_restricted,0.0030278214161064687,-0.0005757757238769035,0.0005757757238769035
1972-03-01,Durbl_excess,elastic_net_restricted,-0.003232412728510381,0.00057574254018955,0.00057574254018955
1977-07-01,Enrgy_excess,random_forest,0.005629894716876027,-0.0005748623635001282,0.0005748623635001282
1975-12-01,Durbl_excess,elastic_net_restricted,0.0008659899244238822,0.0005740634469489914,0.0005740634469489914
1971-01-01,NoDur_excess,ridge_restricted,-0.0004969405879284849,-0.0005722611349135986,0.0005722611349135986
1975-09-01,Telcm_excess,random_forest,0.01002155746739164,0.0005712092486697129,0.0005712092486697129
1977-01-01,Durbl_excess,ridge_restricted,0.035211704145526546,-0.0005695450741165509,0.0005695450741165509
1970-08-01,NoDur_excess,ols4_restricted,-0.01943670453331925,-0.0005694260846191845,0.0005694260846191845
1972-04-01,Hlth_excess,elastic_net_restricted,-0.036594959245219716,-0.0005688834156187816,0.0005688834156187816
1977-02-01,HiTec_excess,ols4_restricted,0.0136550634308229,0.0005682177051598014,0.0005682177051598014
1972-08-01,Other_excess,ridge_restricted,0.005491706665857077,-0.0005680817125052195,0.0005680817125052195
1971-09-01,Durbl_excess,ols4_restricted,0.016678281508628157,0.0005676804341476771,0.0005676804341476771
1971-03-01,Hlth_excess,elastic_net_restricted,-0.04528432755865697,-0.0005672859716223666,0.0005672859716223666
1972-05-01,Telcm_excess,ols4_restricted,0.04051919729786313,-0.0005669847573189779,0.0005669847573189779
1975-08-01,Enrgy_excess,random_forest,0.006079347338647456,0.0005665622391104463,0.0005665622391104463
1972-01-01,Enrgy_excess,ridge_restricted,0.04310364721831628,0.0005661162029981792,0.0005661162029981792
1977-09-01,Shops_excess,random_forest,-0.007527395888063504,-0.0005660347508305019,0.0005660347508305019
1972-05-01,Telcm_excess,ols_restricted,0.02862400393857445,-0.0005659648667907247,0.0005659648667907247
1977-10-01,Durbl_excess,ols4_restricted,0.04219839929649638,0.0005655337493835066,0.0005655337493835066
1971-02-01,Other_excess,elastic_net_restricted,-0.011770200195996505,-0.0005649097498292566,0.0005649097498292566
1975-04-01,HiTec_excess,random_forest,0.013300264135163609,-0.0005640891602264331,0.0005640891602264331
1972-03-01,Telcm_excess,random_forest,0.0023839423170233243,0.0005629965770342915,0.0005629965770342915
1977-08-01,Enrgy_excess,random_forest,0.005066943160727311,-0.0005629515561487164,0.0005629515561487164
1975-08-01,Manuf_excess,random_forest,0.0014542383845020934,0.0005626198229429225,0.0005626198229429225
1976-06-01,Durbl_excess,elastic_net_restricted,0.0013027071513406208,-0.0005612137395928363,0.0005612137395928363
1977-01-01,Telcm_excess,random_forest,0.013567222033993742,-0.0005606208079024233,0.0005606208079024233
1977-04-01,Shops_excess,random_forest,-0.008770582438962338,0.0005604873341427119,0.0005604873341427119
1976-04-01,NoDur_excess,elastic_net_restricted,-0.019634269075577082,-0.0005597203153249186,0.0005597203153249186
1975-05-01,Durbl_excess,elastic_net_restricted,0.003088839118989384,-0.000559003546282244,0.000559003546282244
1972-05-01,Telcm_excess,elastic_net_restricted,0.016141213856858072,-0.0005574059067519066,0.0005574059067519066
1971-02-01,Other_excess,ols_restricted,-0.00028787642330030394,-0.0005572216740032943,0.0005572216740032943
1972-07-01,Enrgy_excess,ols_restricted,0.019059360299450323,0.0005569366326996228,0.0005569366326996228
1975-04-01,Telcm_excess,random_forest,0.01028035464480248,0.0005540073480509999,0.0005540073480509999
1971-06-01,Shops_excess,ols_restricted,-0.013082487136162557,0.0005537983494330323,0.0005537983494330323
1977-04-01,Utils_excess,ols4_restricted,0.02260204689297385,-0.0005504785002335977,0.0005504785002335977
1977-12-01,HiTec_excess,ols_restricted,-0.023195303671833978,-0.0005503286505428306,0.0005503286505428306
1977-02-01,Enrgy_excess,ridge_restricted,0.022477395601270822,0.0005502026584631725,0.0005502026584631725
1972-01-01,Enrgy_excess,ols_restricted,0.01602977667811445,0.0005485771020621311,0.0005485771020621311
1977-10-01,NoDur_excess,ols4_restricted,0.001800135268188785,0.0005467185281889941,0.0005467185281889941
1975-02-01,NoDur_excess,random_forest,0.013088957742379836,0.000546666753855618,0.000546666753855618
1976-11-01,Enrgy_excess,random_forest,0.0031984758827008353,-0.0005453849879610839,0.0005453849879610839
1971-09-01,HiTec_excess,ridge_restricted,0.003328988303436753,0.0005453235816582636,0.0005453235816582636
1977-10-01,HiTec_excess,random_forest,0.005019371850275789,-0.000544900432205675,0.000544900432205675
1976-11-01,Manuf_excess,ols_restricted,-0.007726567264189299,0.0005446160414519507,0.0005446160414519507
1971-07-01,Shops_excess,ridge_restricted,-0.017900933474696012,0.0005443314356581297,0.0005443314356581297
1972-09-01,Other_excess,random_forest,-0.004204098806078305,0.000543232659807158,0.000543232659807158
1971-09-01,Durbl_excess,ridge_restricted,0.019308855700248873,0.0005422880122134544,0.0005422880122134544
1971-02-01,Utils_excess,ridge_restricted,-0.005346560522196064,0.0005400236075481235,0.0005400236075481235
1972-08-01,Shops_excess,ols4_restricted,-0.021219862347640506,-0.0005392455478814284,0.0005392455478814284
1971-11-01,Enrgy_excess,ols_restricted,0.020737374674020703,0.0005387237597116457,0.0005387237597116457
1976-07-01,Hlth_excess,ols_restricted,-0.01667566716128266,0.0005384692630472365,0.0005384692630472365
1976-04-01,Telcm_excess,ols4_restricted,0.019468293633926548,-0.000538041000268219,0.000538041000268219
1976-11-01,Manuf_excess,elastic_net_restricted,0.0025409180638348294,0.0005372680346429348,0.0005372680346429348
1972-03-01,Other_excess,random_forest,-0.007170922660777901,-0.0005369852860188651,0.0005369852860188651
1976-04-01,Other_excess,ols4_restricted,0.010618383417969945,0.0005362162373833135,0.0005362162373833135
1971-06-01,Manuf_excess,random_forest,0.0006520864091739131,0.0005360028503568204,0.0005360028503568204
1971-05-01,Durbl_excess,ols_restricted,-0.010581608174042856,0.0005355391669934484,0.0005355391669934484
1971-02-01,NoDur_excess,ols4_restricted,-0.024257676771091807,0.0005349894707835645,0.0005349894707835645
1977-04-01,Utils_excess,ols_restricted,-0.031035705751260245,-0.0005338497349878235,0.0005338497349878235
1977-07-01,Telcm_excess,random_forest,0.01300599652773693,-0.0005334788317284955,0.0005334788317284955
1976-10-01,Hlth_excess,elastic_net_restricted,-0.018891664275413333,0.000532399578956344,0.000532399578956344
1972-08-01,NoDur_excess,random_forest,0.006851501394255499,0.0005321245630587335,0.0005321245630587335
1972-01-01,Enrgy_excess,elastic_net_restricted,0.016040143430637088,0.0005309906798641739,0.0005309906798641739
1971-06-01,NoDur_excess,random_forest,0.002146561912615641,0.0005258158611746166,0.0005258158611746166
1976-11-01,Manuf_excess,ols4_restricted,0.018654546095436375,0.0005257361897254009,0.0005257361897254009
1971-06-01,Shops_excess,elastic_net_restricted,-0.015442847376085922,0.0005253486786402917,0.0005253486786402917
1977-11-01,HiTec_excess,elastic_net_restricted,-0.02343225264378601,-0.0005253131617639628,0.0005253131617639628
1972-09-01,NoDur_excess,ridge_restricted,0.0006514318278829645,0.0005244780075774891,0.0005244780075774891
1971-06-01,Other_excess,ridge_restricted,0.005741631170131711,0.000524321297475927,0.000524321297475927
1976-09-01,Durbl_excess,ols_restricted,-0.01068117274263658,0.0005225702123337062,0.0005225702123337062
1975-06-01,Enrgy_excess,ols4_restricted,0.00912556757658578,0.0005220654600578412,0.0005220654600578412
1977-07-01,Durbl_excess,random_forest,0.024960454054684722,-0.0005215298789263967,0.0005215298789263967
1977-02-01,Other_excess,ols4_restricted,0.00982190863963972,0.0005210417400774991,0.0005210417400774991
1976-11-01,Shops_excess,random_forest,-0.009135899224735233,0.0005196249698049549,0.0005196249698049549
1972-06-01,Telcm_excess,elastic_net_restricted,0.015621640172229001,-0.000519573684629071,0.000519573684629071
1976-08-01,Other_excess,ols_restricted,-0.017463765195119718,0.00051942392931692,0.00051942392931692
1971-04-01,Enrgy_excess,ridge_restricted,0.03836414178747538,-0.0005191128425428015,0.0005191128425428015
1975-07-01,Manuf_excess,ridge_restricted,0.021724267687317722,-0.0005186995969322927,0.0005186995969322927
1975-06-01,Enrgy_excess,elastic_net_restricted,-0.00031389696322792204,0.0005181537563390126,0.0005181537563390126
1971-02-01,Other_excess,random_forest,-0.005233855823300271,-0.0005180115167056076,0.0005180115167056076
1970-03-01,Telcm_excess,random_forest,0.00439774199340115,0.0005179364397898123,0.0005179364397898123
1977-12-01,Durbl_excess,random_forest,0.022418690939229324,-0.0005179320034978119,0.0005179320034978119
1977-07-01,Manuf_excess,random_forest,0.0010368367551694124,0.0005175565927794112,0.0005175565927794112
1977-09-01,Telcm_excess,elastic_net_restricted,0.013529009180583862,0.000516863396706424,0.000516863396706424
1977-08-01,Other_excess,ols_restricted,-0.01794676364897274,0.0005139381230556683,0.0005139381230556683
1977-05-01,Enrgy_excess,ols4_restricted,0.004788298156834236,-0.0005133936504867487,0.0005133936504867487
1972-10-01,Enrgy_excess,elastic_net_restricted,0.019255784277779298,-0.000512767486806287,0.000512767486806287
1970-11-01,Hlth_excess,elastic_net_restricted,-0.037300344014784104,-0.0005118887385320292,0.0005118887385320292
1977-08-01,Durbl_excess,random_forest,0.02444976029865298,-0.0005106937560317437,0.0005106937560317437
1970-08-01,Shops_excess,elastic_net_restricted,-0.016825107494085723,0.0005096290878043863,0.0005096290878043863
1975-12-01,Durbl_excess,ols4_restricted,0.047954785065740135,-0.0005091952563547331,0.0005091952563547331
1977-08-01,Other_excess,elastic_net_restricted,-0.01585608237713565,0.0005087681897362195,0.0005087681897362195
1976-10-01,Utils_excess,random_forest,-0.01253107191381364,-0.0005086724359781858,0.0005086724359781858
1975-03-01,Telcm_excess,ols_restricted,0.011095284850072828,-0.0005086599633959965,0.0005086599633959965
1972-08-01,Manuf_excess,ridge_restricted,0.01744634453859706,-0.0005082804517054784,0.0005082804517054784
1977-12-01,HiTec_excess,ols4_restricted,0.01461993620839197,-0.0005073678594161857,0.0005073678594161857
1970-06-01,HiTec_excess,ridge_restricted,0.006484128513732035,0.0005065007314783987,0.0005065007314783987
1970-08-01,Telcm_excess,random_forest,0.0041001124932126265,-0.000506465862508465,0.000506465862508465
1972-07-01,Durbl_excess,ols4_restricted,0.01860765254472274,0.0005064090172491875,0.0005064090172491875
1972-09-01,Utils_excess,ols4_restricted,0.04892889857137794,0.0005051347628391989,0.0005051347628391989
1977-11-01,Shops_excess,elastic_net_restricted,-0.009348212158905023,-0.0005047583651378584,0.0005047583651378584
1977-09-01,Hlth_excess,ols_restricted,-0.009540456805241071,0.0005039904577308629,0.0005039904577308629
1972-09-01,HiTec_excess,random_forest,0.012309819600874294,0.000503738908219864,0.000503738908219864
1970-06-01,NoDur_excess,ridge_restricted,0.006421047585172812,0.000503593421517623,0.000503593421517623
1976-03-01,Shops_excess,ols4_restricted,0.00631645765140898,0.0005024661185053514,0.0005024661185053514
1976-08-01,Durbl_excess,ols4_restricted,0.04641085563509917,-0.0005020120909609016,0.0005020120909609016
1976-04-01,Manuf_excess,elastic_net_restricted,-0.0016033625347420255,0.0005011253077713551,0.0005011253077713551
1975-07-01,NoDur_excess,ols_restricted,-0.0316636779407089,0.0005006032783141379,0.0005006032783141379
1975-01-01,HiTec_excess,elastic_net_restricted,-0.02326328792464394,0.0004986490968079682,0.0004986490968079682
1975-07-01,Durbl_excess,elastic_net_restricted,0.0006671924870986778,0.0004952978644265915,0.0004952978644265915
1972-10-01,Telcm_excess,elastic_net_restricted,0.012162059831616445,-0.0004940696374757803,0.0004940696374757803
1975-01-01,Telcm_excess,ols_restricted,0.005136141064627231,0.0004934782917467295,0.0004934782917467295
1971-05-01,Hlth_excess,ols4_restricted,-0.028519084971926345,0.0004915169178074663,0.0004915169178074663
1976-06-01,Manuf_excess,random_forest,0.00044594219602622776,-0.0004902373368720347,0.0004902373368720347
1976-05-01,Manuf_excess,random_forest,0.0009361795328982625,-0.0004898966347564038,0.0004898966347564038
1976-08-01,Other_excess,random_forest,0.016746920265973686,-0.0004897959221482617,0.0004897959221482617
1976-08-01,Other_excess,ols4_restricted,0.01066826237520302,0.0004896423146161233,0.0004896423146161233
1976-04-01,Hlth_excess,elastic_net_restricted,-0.019431010828665718,0.0004887227995060694,0.0004887227995060694
1975-11-01,Telcm_excess,random_forest,0.009769956230699206,0.0004857396549948767,0.0004857396549948767
1975-02-01,Shops_excess,ridge_restricted,0.004704932033465559,0.00048554180101123556,0.00048554180101123556
1970-10-01,Hlth_excess,ols4_restricted,-0.02535139799692443,0.0004854058750103363,0.0004854058750103363
1972-05-01,Other_excess,random_forest,-0.0068970748777859026,0.0004852288080545719,0.0004852288080545719
1970-08-01,Hlth_excess,ols4_restricted,-0.021626609383643025,-0.00048500826167741096,0.00048500826167741096
1976-12-01,HiTec_excess,ols_restricted,-0.025566199907917975,-0.00048482712275155215,0.00048482712275155215
1970-07-01,HiTec_excess,random_forest,0.010059321272446242,-0.00048416949713836477,0.00048416949713836477
1975-03-01,Enrgy_excess,random_forest,0.002832216969894663,-0.00048334153476592423,0.00048334153476592423
1972-04-01,Manuf_excess,ridge_restricted,0.01695993719748512,-0.0004814062186860868,0.0004814062186860868
1977-09-01,Manuf_excess,elastic_net_restricted,0.007721168020697999,0.00048089744228096976,0.00048089744228096976
1976-05-01,HiTec_excess,random_forest,0.008535746426486135,-0.00048008081733308394,0.00048008081733308394
1976-05-01,NoDur_excess,elastic_net_restricted,-0.019154298319355778,0.00047997075622130403,0.00047997075622130403
1972-09-01,Utils_excess,random_forest,-0.02412327114980939,0.0004795349891433265,0.0004795349891433265
1976-12-01,Other_excess,random_forest,0.01717261119619895,0.00047929806420943244,0.00047929806420943244
1976-02-01,Manuf_excess,ols_restricted,-0.012860824888111244,-0.00047911210747519917,0.00047911210747519917
1971-02-01,Durbl_excess,ridge_restricted,0.022749887992130846,-0.0004778239287486219,0.0004778239287486219
1976-10-01,Enrgy_excess,ols_restricted,0.005215835222233567,-0.0004775641970653499,0.0004775641970653499
1976-05-01,Telcm_excess,elastic_net_restricted,0.012751148967328652,0.00047663100185191265,0.00047663100185191265
1970-09-01,Utils_excess,random_forest,-0.043199199105121044,0.0004764130052401505,0.0004764130052401505
1975-10-01,Shops_excess,ridge_restricted,0.004514601335665391,-0.00047615664729849794,0.00047615664729849794
1971-06-01,Telcm_excess,random_forest,-0.0025320073016037448,-0.0004761187285680091,0.0004761187285680091
1975-03-01,NoDur_excess,random_forest,0.0126134061557861,-0.00047555158659373653,0.00047555158659373653
1971-11-01,Enrgy_excess,elastic_net_restricted,0.020209060770270293,0.0004754713946413247,0.0004754713946413247
1972-12-01,Other_excess,random_forest,-0.004650141298380817,0.000474161797087147,0.000474161797087147
1976-02-01,Manuf_excess,elastic_net_restricted,-0.0019446338946431663,-0.00047337195434105084,0.00047337195434105084
1971-06-01,NoDur_excess,elastic_net_restricted,-0.03685638812447212,0.00047231168320815975,0.00047231168320815975
1972-12-01,Durbl_excess,ols_restricted,-0.023442481137484927,-0.00047020756032045696,0.00047020756032045696
1975-04-01,Shops_excess,random_forest,-0.009754859822141082,0.0004698615072051826,0.0004698615072051826
1976-10-01,Durbl_excess,elastic_net_restricted,0.0007740596212627571,-0.0004690364553553428,0.0004690364553553428
1977-03-01,Manuf_excess,ols_restricted,-0.006840524090960587,0.00046847980880482254,0.00046847980880482254
1971-08-01,NoDur_excess,random_forest,0.004948673021409999,0.0004668929870010885,0.0004668929870010885
1971-08-01,Other_excess,elastic_net_restricted,-0.01014482110866699,-0.00046677886877910524,0.00046677886877910524
1970-07-01,Hlth_excess,random_forest,0.0016910174708262282,-0.000463391736483465,0.000463391736483465
1972-12-01,Utils_excess,ridge_restricted,-0.0027115659932333003,0.0004632553521981553,0.0004632553521981553
1977-12-01,Shops_excess,ols4_restricted,0.0025452141307982235,0.00046273113171735325,0.00046273113171735325
1977-03-01,Manuf_excess,elastic_net_restricted,0.0038344031580772597,0.00046220882067526947,0.00046220882067526947
1971-05-01,Shops_excess,ridge_restricted,-0.018669928045733197,0.00046114059955337794,0.00046114059955337794
1971-11-01,Hlth_excess,elastic_net_restricted,-0.0495565330105876,-0.000460675502868213,0.000460675502868213
1977-09-01,HiTec_excess,elastic_net_restricted,-0.02361516268854591,0.00046024690271950774,0.00046024690271950774
1976-09-01,Telcm_excess,ols4_restricted,0.01671280319487589,-0.00045885444864901537,0.00045885444864901537
1976-07-01,Hlth_excess,elastic_net_restricted,-0.018828336548359914,0.00045885034779646894,0.00045885034779646894
1970-04-01,Utils_excess,random_forest,-0.05022609004476086,-0.0004584736999140304,0.0004584736999140304
1972-06-01,Shops_excess,random_forest,-0.02980500512223272,0.0004577744321090371,0.0004577744321090371
1976-03-01,HiTec_excess,random_forest,0.010933877451177798,0.0004572026796567652,0.0004572026796567652
1975-08-01,NoDur_excess,ols4_restricted,0.004920161636776443,0.0004560373188117195,0.0004560373188117195
1976-11-01,Utils_excess,random_forest,-0.012075345667096782,0.0004557262467168588,0.0004557262467168588
1977-10-01,Durbl_excess,elastic_net_restricted,0.002765871235646866,-0.00045549852457427153,0.00045549852457427153
1976-03-01,Shops_excess,ols_restricted,-0.0151981968634054,-0.0004536861906894174,0.0004536861906894174
1977-03-01,Manuf_excess,ols4_restricted,0.01971722992967917,0.00045287845093844314,0.00045287845093844314
1972-11-01,Shops_excess,ols4_restricted,-0.022101431037511388,-0.00045224326233328505,0.00045224326233328505
1976-10-01,Enrgy_excess,ols4_restricted,0.0066680580510660725,-0.00045118099972107917,0.00045118099972107917
1972-05-01,Hlth_excess,random_forest,-0.01612837265409106,-0.0004510604050447231,0.0004510604050447231
1972-04-01,Durbl_excess,ols4_restricted,0.018309764795868766,-0.00044770951222683486,0.00044770951222683486
1976-09-01,HiTec_excess,elastic_net_restricted,-0.027350396951869138,-0.00044746090418046336,0.00044746090418046336
1975-12-01,Telcm_excess,elastic_net_restricted,0.003974316545811485,0.0004468962026913381,0.0004468962026913381
1976-07-01,Utils_excess,elastic_net_restricted,-0.0206406825665173,-0.00044534100915338826,0.00044534100915338826
1977-08-01,Utils_excess,elastic_net_restricted,-0.016922627462614415,0.0004449049672827776,0.0004449049672827776
1975-10-01,Enrgy_excess,random_forest,0.005946985406324545,0.0004447581702643477,0.0004447581702643477
1971-08-01,Telcm_excess,random_forest,0.0018206702627081572,0.0004446592463716037,0.0004446592463716037
1976-10-01,Durbl_excess,ols_restricted,-0.011124958987167144,-0.00044378624453056403,0.00044378624453056403
1976-09-01,Enrgy_excess,ols_restricted,0.005693399419298917,0.000443461987163829,0.000443461987163829
1975-12-01,Telcm_excess,ols_restricted,0.009660717842740696,0.00044332081450682015,0.00044332081450682015
1976-09-01,Enrgy_excess,ridge_restricted,0.021534453420067212,0.0004428265884808269,0.0004428265884808269
1976-02-01,Utils_excess,elastic_net_restricted,-0.019419630843700242,0.000442823010194493,0.000442823010194493
1976-01-01,Shops_excess,ols4_restricted,0.005078872445976268,0.00044240273261619834,0.00044240273261619834
1977-05-01,Durbl_excess,ols_restricted,-0.007655711900869999,0.00044214707489032,0.00044214707489032
1976-06-01,Durbl_excess,ols4_restricted,0.047278729487237214,0.0004413112063718083,0.0004413112063718083
1971-11-01,Hlth_excess,ols_restricted,-0.03587865095397835,-0.00044124713723370235,0.00044124713723370235
1972-10-01,Hlth_excess,random_forest,-0.017539827760958637,-0.0004408054652373927,0.0004408054652373927
1977-09-01,Telcm_excess,ols_restricted,0.016240912448467815,-0.0004407818253576723,0.0004407818253576723
1976-06-01,Utils_excess,random_forest,-0.013791163217695468,-0.00044075815241284566,0.00044075815241284566
1972-08-01,HiTec_excess,ridge_restricted,0.0004872449365259657,-0.0004407579587258903,0.0004407579587258903
1975-09-01,Shops_excess,ols4_restricted,0.006611918901666458,0.0004403243867169282,0.0004403243867169282
1977-11-01,Hlth_excess,elastic_net_restricted,-0.012636293777189778,-0.0004399551562250803,0.0004399551562250803
1976-12-01,Hlth_excess,elastic_net_restricted,-0.016132093048456975,-0.00043980126149056886,0.00043980126149056886
1976-07-01,Shops_excess,elastic_net_restricted,-0.009536531783300939,0.00043951021280785874,0.00043951021280785874
1977-08-01,Other_excess,ols4_restricted,0.009485764884468173,0.0004348679432063518,0.0004348679432063518
1977-05-01,Utils_excess,ols4_restricted,0.022167420746346145,-0.0004346261466277035,0.0004346261466277035
1972-09-01,Shops_excess,ols4_restricted,-0.02165394439722257,-0.000434082049582063,0.000434082049582063
1975-09-01,Utils_excess,random_forest,-0.01865277025178247,-0.0004337659279674,0.0004337659279674
1975-02-01,Utils_excess,random_forest,-0.0219846428654511,-0.00043352781561045717,0.00043352781561045717
1975-12-01,Telcm_excess,ols4_restricted,0.026857392371400612,0.0004325082137579539,0.0004325082137579539
1977-03-01,Telcm_excess,elastic_net_restricted,0.012772585356048638,0.00043132355805186595,0.00043132355805186595
1972-03-01,NoDur_excess,ols4_restricted,-0.020877894434677025,-0.00042901306182074883,0.00042901306182074883
1972-05-01,Durbl_excess,ols4_restricted,0.017881654747831877,-0.00042811004803688935,0.00042811004803688935
1976-02-01,Shops_excess,elastic_net_restricted,-0.00963721928807515,0.0004279972314256142,0.0004279972314256142
1975-12-01,Shops_excess,random_forest,-0.007380310434174531,-0.0004279823897710422,0.0004279823897710422
1976-08-01,Other_excess,elastic_net_restricted,-0.01607821989247249,0.0004271981206036557,0.0004271981206036557
1976-02-01,Other_excess,random_forest,0.01928739797839829,0.00042719166714200174,0.00042719166714200174
1977-05-01,Utils_excess,ols_restricted,-0.031461672311272615,-0.00042596656001236965,0.00042596656001236965
1976-08-01,Utils_excess,random_forest,-0.013014644688286392,0.00042586480126716175,0.00042586480126716175
1970-02-01,HiTec_excess,ols4_restricted,-0.0258556831732073,0.0004252709891452433,0.0004252709891452433
1977-12-01,Durbl_excess,ols_restricted,-0.00660571115931563,0.0004247525813754205,0.0004247525813754205
1977-07-01,HiTec_excess,ols_restricted,-0.02362120969020709,0.00042439347805833805,0.00042439347805833805
1972-12-01,Other_excess,ridge_restricted,0.005425081500764595,0.00042431022530919904,0.00042431022530919904
1975-01-01,Manuf_excess,ridge_restricted,0.021609054651888115,0.0004237243207353414,0.0004237243207353414
1975-02-01,Enrgy_excess,ols4_restricted,0.01273004690902424,-0.00042348018157334355,0.00042348018157334355
1977-10-01,Other_excess,elastic_net_restricted,-0.015473669457607642,0.0004214682698340244,0.0004214682698340244
1972-05-01,HiTec_excess,random_forest,0.010902578334607504,-0.00042009186664304643,0.00042009186664304643
1977-09-01,Enrgy_excess,random_forest,0.004646907084284391,-0.00042003607644292007,0.00042003607644292007
1975-03-01,Durbl_excess,ols4_restricted,0.050611701934756836,-0.0004197247477104593,0.0004197247477104593
1971-02-01,Durbl_excess,elastic_net_restricted,-0.0023973864283828306,-0.00041910855488236365,0.00041910855488236365
1976-09-01,Durbl_excess,elastic_net_restricted,0.0012430960766180998,0.00041862694679029033,0.00041862694679029033
1972-05-01,Manuf_excess,ridge_restricted,0.016542001584048616,-0.0004179356134365042,0.0004179356134365042
1976-07-01,Hlth_excess,ols4_restricted,-0.00327707764626628,0.0004179274828224333,0.0004179274828224333
1972-10-01,Shops_excess,elastic_net_restricted,-0.01811943106444258,-0.0004178192855450735,0.0004178192855450735
1977-11-01,Manuf_excess,random_forest,-0.0006894797080574389,0.00041778469131648066,0.00041778469131648066
1975-03-01,Manuf_excess,random_forest,-0.0037023207894846255,-0.0004175117481348689,0.0004175117481348689
1975-12-01,HiTec_excess,random_forest,0.011706905784685473,-0.000417482496391286,0.000417482496391286
1971-12-01,NoDur_excess,ols4_restricted,-0.02186691641276206,0.00041667649687227026,0.00041667649687227026
1975-04-01,Hlth_excess,random_forest,-0.0008260469527028302,-0.00041610837870065254,0.00041610837870065254
1977-05-01,Other_excess,ols_restricted,-0.017638600447080766,0.00041578303071121425,0.00041578303071121425
1977-06-01,Telcm_excess,ols_restricted,0.01527908632058339,-0.0004156453200661048,0.0004156453200661048
1977-10-01,Durbl_excess,ols_restricted,-0.006896615794994343,0.00041555567987017206,0.00041555567987017206
1975-06-01,Durbl_excess,ols4_restricted,0.05115885294144862,0.00041500043512676665,0.00041500043512676665
1972-12-01,Telcm_excess,ols4_restricted,0.025669315889377153,-0.0004144922161821718,0.0004144922161821718
1977-05-01,Other_excess,elastic_net_restricted,-0.01549542334818299,0.0004141764742073839,0.0004141764742073839
1977-01-01,HiTec_excess,random_forest,0.0069615548435943975,-0.0004140820272602319,0.0004140820272602319
1972-03-01,Hlth_excess,elastic_net_restricted,-0.036026075829600934,-0.0004140283152833657,0.0004140283152833657
1977-09-01,HiTec_excess,random_forest,0.005564272282481464,-0.0004131725653602203,0.0004131725653602203
1975-08-01,Durbl_excess,ols4_restricted,0.04964847828214769,-0.00041230932412561483,0.00041230932412561483
1977-07-01,Enrgy_excess,ols_restricted,0.009590161735671066,-0.0004120092600703451,0.0004120092600703451
1972-11-01,Hlth_excess,ols4_restricted,-0.026797254529941528,0.00041198747221993237,0.00041198747221993237
1976-05-01,Durbl_excess,ridge_restricted,0.036217990412087175,-0.0004115069658973125,0.0004115069658973125
1972-02-01,NoDur_excess,ridge_restricted,-0.0007240217746373734,-0.000411497469423594,0.000411497469423594
1975-03-01,Enrgy_excess,elastic_net_restricted,0.00844318570591096,0.00041128503400189587,0.00041128503400189587
1976-10-01,Enrgy_excess,ridge_restricted,0.021123496983707635,-0.00041095643635957746,0.00041095643635957746
1972-11-01,Utils_excess,random_forest,-0.029152149035231112,-0.00040916141528524186,0.00040916141528524186
1972-03-01,Shops_excess,ols4_restricted,-0.013074316420950804,0.00040859021150740915,0.00040859021150740915
1977-08-01,Shops_excess,random_forest,-0.006961361137233002,0.0004078116288450673,0.0004078116288450673
1976-08-01,Hlth_excess,ols_restricted,-0.01708281696798819,-0.00040714980670553125,0.00040714980670553125
1977-07-01,HiTec_excess,ols4_restricted,0.01411549580641236,0.0004060955037302749,0.0004060955037302749
1971-03-01,Hlth_excess,ols4_restricted,-0.028685416932125563,-0.0004060171169359972,0.0004060171169359972
1977-05-01,Telcm_excess,ols_restricted,0.015694731640649495,-0.0004054977333727283,0.0004054977333727283
1977-05-01,Telcm_excess,ols4_restricted,0.014093418377074673,-0.0004053033766490133,0.0004053033766490133
1977-10-01,Hlth_excess,elastic_net_restricted,-0.012196338620964697,0.00040458534930643,0.00040458534930643
1977-10-01,NoDur_excess,elastic_net_restricted,-0.01958507760260253,-0.00040382821899531685,0.00040382821899531685
1977-05-01,Durbl_excess,ols4_restricted,0.04184962871481457,-0.00040326919603550504,0.00040326919603550504
1971-06-01,Telcm_excess,ols4_restricted,0.039538114719852135,-0.00040311708888396414,0.00040311708888396414
1971-06-01,Telcm_excess,ols_restricted,0.031879198076049664,-0.0004030419506920735,0.0004030419506920735
1976-10-01,NoDur_excess,elastic_net_restricted,-0.020589431203628994,-0.00040300519436820004,0.00040300519436820004
1971-06-01,Telcm_excess,elastic_net_restricted,0.018460379767744062,-0.0004029103046917504,0.0004029103046917504
1977-01-01,Utils_excess,ols_restricted,-0.03275472607486729,-0.00040277142002254074,0.00040277142002254074
1971-04-01,Other_excess,ridge_restricted,0.0035969394337566074,-0.00040256785206593815,0.00040256785206593815
1976-08-01,HiTec_excess,random_forest,0.007781797453934147,-0.0004006979518562659,0.0004006979518562659
1972-08-01,HiTec_excess,random_forest,0.01180608069265443,-0.00039968877687912574,0.00039968877687912574
1972-11-01,HiTec_excess,random_forest,0.01306436250387133,-0.00039961175983593833,0.00039961175983593833
1975-05-01,Hlth_excess,random_forest,-0.0004265223042214661,0.00039952464848136415,0.00039952464848136415
1977-01-01,Other_excess,ridge_restricted,0.01524840720461429,-0.0003992135329892177,0.0003992135329892177
1975-08-01,Shops_excess,ols_restricted,-0.019030864758299737,0.0003989599423097623,0.0003989599423097623
1971-09-01,Telcm_excess,ols4_restricted,0.04460081235096358,0.00039865959566076636,0.00039865959566076636
1976-07-01,Shops_excess,random_forest,-0.009312322058109945,-0.00039767870354801005,0.00039767870354801005
1972-12-01,Durbl_excess,random_forest,-0.010296388230503384,-0.00039695735257416764,0.00039695735257416764
1971-08-01,Hlth_excess,ols4_restricted,-0.028193624475177703,-0.00039670922436996214,0.00039670922436996214
1977-09-01,Enrgy_excess,elastic_net_restricted,0.0006015413087996357,-0.00039641574255644407,0.00039641574255644407
1975-04-01,NoDur_excess,ols4_restricted,0.005883251802148104,-0.0003964123310884471,0.0003964123310884471
1975-08-01,Shops_excess,elastic_net_restricted,-0.013946742765969411,0.00039621743387963093,0.00039621743387963093
1972-08-01,HiTec_excess,ols_restricted,-0.016028559141121335,-0.000395757727692736,0.000395757727692736
1977-08-01,Durbl_excess,ols_restricted,-0.007316749487826568,0.0003953197659882779,0.0003953197659882779
1977-02-01,Hlth_excess,random_forest,0.005757043037283305,0.0003947310576938312,0.0003947310576938312
1975-10-01,Other_excess,random_forest,0.019236268565995918,-0.0003936527149046576,0.0003936527149046576
1976-02-01,NoDur_excess,ols4_restricted,0.0021791607401516755,-0.00039318462052662095,0.00039318462052662095
1976-01-01,Shops_excess,ridge_restricted,0.005017951778649499,0.0003929757139492507,0.0003929757139492507
1975-07-01,Shops_excess,ridge_restricted,0.004707411045363652,-0.0003920263219042708,0.0003920263219042708
1972-09-01,Utils_excess,elastic_net_restricted,-0.03427512584509107,0.0003910670367264224,0.0003910670367264224
1972-12-01,Enrgy_excess,ols_restricted,0.027215988708954253,-0.00039104933711653356,0.00039104933711653356
1970-03-01,HiTec_excess,ols4_restricted,-0.025466192087715056,0.000389491085492244,0.000389491085492244
1971-11-01,Telcm_excess,elastic_net_restricted,0.02139189147929854,-0.00038837466671437504,0.00038837466671437504
1977-09-01,Manuf_excess,random_forest,0.0002628871757367479,-0.0003883694321913378,0.0003883694321913378
1976-02-01,Durbl_excess,elastic_net_restricted,0.0026170710202186864,0.00038833413862937594,0.00038833413862937594
1976-08-01,Durbl_excess,random_forest,0.0260942045710717,-0.0003868942296459954,0.0003868942296459954
1977-08-01,Manuf_excess,random_forest,0.0006512566079280857,-0.0003855801472413267,0.0003855801472413267
1975-07-01,Durbl_excess,ols_restricted,-0.01416862437511579,0.00038509578947953926,0.00038509578947953926
1977-11-01,NoDur_excess,ols_restricted,-0.024169426602777655,-0.00038315986933601387,0.00038315986933601387
1972-08-01,Shops_excess,elastic_net_restricted,-0.016650534457293364,0.00038300648443434504,0.00038300648443434504
1976-07-01,Enrgy_excess,elastic_net_restricted,-0.002796787558632996,-0.00038029740464584627,0.00038029740464584627
1976-07-01,Hlth_excess,random_forest,0.004225769864952933,0.0003800229812253031,0.0003800229812253031
1971-09-01,NoDur_excess,random_forest,0.005328610839081982,0.00037993781767198254,0.00037993781767198254
1975-07-01,Shops_excess,elastic_net_restricted,-0.014342960199849042,-0.0003791718073458128,0.0003791718073458128
1971-07-01,Hlth_excess,elastic_net_restricted,-0.049051100338916465,-0.0003784560202995113,0.0003784560202995113
1971-02-01,HiTec_excess,ridge_restricted,0.0002849507269081508,-0.00037780916602248027,0.00037780916602248027
1977-04-01,Durbl_excess,ols_restricted,-0.00809785897576032,-0.0003774750033591623,0.0003774750033591623
1975-12-01,Enrgy_excess,elastic_net_restricted,0.000742522329170936,0.0003770920331874761,0.0003770920331874761
1976-11-01,Durbl_excess,random_forest,0.025665269572777927,-0.0003769548761484165,0.0003769548761484165
1976-10-01,Manuf_excess,random_forest,-0.00032306362216716344,-0.0003765123748120658,0.0003765123748120658
1971-10-01,Utils_excess,ridge_restricted,-0.0021827246958900925,-0.00037314608825389506,0.00037314608825389506
1971-12-01,Shops_excess,ridge_restricted,-0.01666690993627551,0.00037314309767411125,0.00037314309767411125
1976-04-01,Shops_excess,ridge_restricted,0.004877554484041147,-0.0003728954317647748,0.0003728954317647748
1971-09-01,Utils_excess,ridge_restricted,-0.0018095786076361975,0.0003725807214460808,0.0003725807214460808
1975-12-01,Enrgy_excess,ols_restricted,0.011681649457362053,0.0003724286546594735,0.0003724286546594735
1975-10-01,HiTec_excess,ridge_restricted,0.010940395241750833,-0.00037204052103501084,0.00037204052103501084
1972-08-01,Shops_excess,ridge_restricted,-0.014788935142097559,0.0003716183491679903,0.0003716183491679903
1977-06-01,NoDur_excess,ols4_restricted,0.0011380060833494632,-0.00037153762720021355,0.00037153762720021355
1977-04-01,Other_excess,elastic_net_restricted,-0.015909599822390375,-0.00037067957816794284,0.00037067957816794284
1977-04-01,Other_excess,ols_restricted,-0.01805438347779198,-0.0003700483559707646,0.0003700483559707646
1971-06-01,Other_excess,random_forest,-0.006945162769641078,0.00036990039538764563,0.00036990039538764563
1977-07-01,HiTec_excess,elastic_net_restricted,-0.02423750318320006,0.0003693879981550019,0.0003693879981550019
1971-06-01,Manuf_excess,ridge_restricted,0.023071828664014138,0.0003682274163123722,0.0003682274163123722
1975-01-01,Hlth_excess,ols_restricted,-0.03369151906757817,-0.0003679467805013381,0.0003679467805013381
1976-09-01,Hlth_excess,elastic_net_restricted,-0.019424063854369678,-0.0003671809553873473,0.0003671809553873473
1972-07-01,NoDur_excess,ridge_restricted,-4.234414538117903e-05,0.0003661394870222434,0.0003661394870222434
1976-07-01,Durbl_excess,ols4_restricted,0.04691286772606007,-0.0003658617611771442,0.0003658617611771442
1976-08-01,Hlth_excess,ols4_restricted,-0.003642349795123234,-0.00036527214885695436,0.00036527214885695436
1977-02-01,Hlth_excess,elastic_net_restricted,-0.014665177020966924,0.0003648528479653912,0.0003648528479653912
1972-05-01,Other_excess,elastic_net_restricted,-0.009860239162585716,-0.0003643680582916531,0.0003643680582916531
1977-02-01,Hlth_excess,ols_restricted,-0.011546250770585686,0.0003635054571975438,0.0003635054571975438
1972-10-01,Manuf_excess,ols4_restricted,0.0068039373523042235,-0.0003634522617673719,0.0003634522617673719
1977-03-01,HiTec_excess,elastic_net_restricted,-0.024914022836586724,0.0003632799067239123,0.0003632799067239123
1977-03-01,HiTec_excess,ols_restricted,-0.024343932450266115,0.0003630575198507735,0.0003630575198507735
1976-10-01,Shops_excess,random_forest,-0.009655524194540188,-0.0003627737312899004,0.0003627737312899004
1977-08-01,Enrgy_excess,elastic_net_restricted,0.0009979570513560798,-0.0003626388212348841,0.0003626388212348841
1977-12-01,Durbl_excess,ols4_restricted,0.042413690907554535,0.0003615799472588277,0.0003615799472588277
1977-04-01,Other_excess,ols4_restricted,0.00964914070666767,-0.0003608913921919754,0.0003608913921919754
1971-11-01,Utils_excess,ridge_restricted,-0.0018232387092520508,0.00035948598663804177,0.00035948598663804177
1977-06-01,Durbl_excess,ols_restricted,-0.008014032829136708,-0.0003583209282667088,0.0003583209282667088
1971-08-01,NoDur_excess,ridge_restricted,-0.00024817480132144354,-0.000357947243788459,0.000357947243788459
1972-01-01,Telcm_excess,ols4_restricted,0.03852423035512431,-0.000357442185971224,0.000357442185971224
1972-10-01,Utils_excess,elastic_net_restricted,-0.03391770424360563,0.00035742160148544144,0.00035742160148544144
1971-08-01,Hlth_excess,random_forest,-0.015746791194133136,0.0003564398634128274,0.0003564398634128274
1976-01-01,Other_excess,elastic_net_restricted,-0.015289976491128288,-0.00035596913449054135,0.00035596913449054135
1977-11-01,NoDur_excess,elastic_net_restricted,-0.01922956007591914,0.000355517526683391,0.000355517526683391
1977-06-01,Telcm_excess,random_forest,0.013539475359465425,0.0003554966424379469,0.0003554966424379469
1972-11-01,HiTec_excess,ols_restricted,-0.0199328207118441,0.00035445171759818095,0.00035445171759818095
1972-03-01,Utils_excess,ridge_restricted,-0.001464055446391388,0.0003540755270430296,0.0003540755270430296
1976-03-01,Enrgy_excess,random_forest,0.006074450756343386,0.00035385283740752005,0.00035385283740752005
1977-02-01,Hlth_excess,ols4_restricted,0.0008126939931776267,0.0003532459076692751,0.0003532459076692751
1975-06-01,Durbl_excess,ridge_restricted,0.0382766328178189,-0.00035265423688168873,0.00035265423688168873
1972-02-01,Telcm_excess,elastic_net_restricted,0.014638413604400102,0.00035248427748124644,0.00035248427748124644
1975-03-01,Telcm_excess,elastic_net_restricted,0.005169014119097093,-0.00035245496284253,0.00035245496284253
1977-09-01,Utils_excess,ols4_restricted,0.020733845078783175,-0.0003524267613935761,0.0003524267613935761
1971-09-01,Telcm_excess,random_forest,0.0021728622423905497,0.00035219197968239246,0.00035219197968239246
1975-11-01,Other_excess,ols_restricted,-0.016547632187797534,-0.0003513248930977486,0.0003513248930977486
1976-07-01,Utils_excess,random_forest,-0.013440509489553554,0.0003506537281419142,0.0003506537281419142
1972-03-01,NoDur_excess,random_forest,0.004645209901647518,0.0003504238696376838,0.0003504238696376838
1972-05-01,Utils_excess,ridge_restricted,1.5538016726379666e-05,0.0003498773196404237,0.0003498773196404237
1976-06-01,Durbl_excess,random_forest,0.026668724569624214,-0.00034965616512550035,0.00034965616512550035
1970-08-01,NoDur_excess,random_forest,0.028570590757638792,-0.00034946613103703505,0.00034946613103703505
1971-09-01,Hlth_excess,random_forest,-0.015397667112195368,0.00034912408193776834,0.00034912408193776834
1977-03-01,HiTec_excess,ols4_restricted,0.014003162111413725,0.00034809868059082483,0.00034809868059082483
1972-02-01,Telcm_excess,ols_restricted,0.026921233336843597,0.00034800345059637916,0.00034800345059637916
1976-08-01,Manuf_excess,random_forest,9.091371126357384e-05,-0.00034797497514815756,0.00034797497514815756
1975-12-01,Enrgy_excess,random_forest,0.006208585603844519,0.00034738769843267736,0.00034738769843267736
1971-10-01,NoDur_excess,elastic_net_restricted,-0.04023121951589359,-0.00034713088652349455,0.00034713088652349455
1976-03-01,Other_excess,elastic_net_restricted,-0.016300595005139806,-0.0003469388852517241,0.0003469388852517241
1976-03-01,Other_excess,ols_restricted,-0.01798184004546255,-0.00034655928726867735,0.00034655928726867735
1976-01-01,Other_excess,ridge_restricted,0.015842615113633718,0.0003464516300594189,0.0003464516300594189
1975-07-01,NoDur_excess,ridge_restricted,0.008767245645565525,-0.0003463076172827151,0.0003463076172827151
1976-06-01,Other_excess,random_forest,0.017355522693498382,-0.0003458816769211781,0.0003458816769211781
1976-02-01,Shops_excess,ols_restricted,-0.014744510672715982,0.0003449706208282777,0.0003449706208282777
1972-03-01,Other_excess,elastic_net_restricted,-0.009712986307708338,-0.0003439346715137237,0.0003439346715137237
1972-02-01,Telcm_excess,ols4_restricted,0.038867875617854764,0.00034364526273045204,0.00034364526273045204
1976-06-01,Enrgy_excess,ols4_restricted,0.00718645672192042,0.00034360758263018987,0.00034360758263018987
1976-11-01,Other_excess,ols4_restricted,0.010571989807412807,-0.0003434940370615758,0.0003434940370615758
1977-10-01,NoDur_excess,ols_restricted,-0.02378626673344164,0.0003430091190679274,0.0003430091190679274
1977-05-01,Other_excess,ols4_restricted,0.00999201778447345,0.00034287707780578103,0.00034287707780578103
1977-01-01,Utils_excess,elastic_net_restricted,-0.01904733360691946,-0.000342575025867653,0.000342575025867653
1971-11-01,Durbl_excess,ridge_restricted,0.02178884675838988,0.000342404935685825,0.000342404935685825
1977-10-01,Enrgy_excess,ols4_restricted,0.003220478437227947,-0.0003411071088910145,0.0003411071088910145
1977-03-01,Enrgy_excess,elastic_net_restricted,0.0012046426102821917,0.00034070843296141184,0.00034070843296141184
1975-11-01,Enrgy_excess,ols4_restricted,0.008755206104089641,0.00033973357589733855,0.00033973357589733855
1976-06-01,HiTec_excess,random_forest,0.008874102546781448,0.00033835612029531337,0.00033835612029531337
1976-09-01,Utils_excess,elastic_net_restricted,-0.020502027631143616,0.00033795264770186684,0.00033795264770186684
1976-11-01,Other_excess,elastic_net_restricted,-0.016162253417122407,-0.0003375379952774704,0.0003375379952774704
1977-11-01,Enrgy_excess,ols_restricted,0.009739436514773825,-0.0003372566384343134,0.0003372566384343134
1976-11-01,Other_excess,ols_restricted,-0.017527288990750955,-0.0003372338831000299,0.0003372338831000299
1971-11-01,Durbl_excess,random_forest,-0.0069050725483714714,0.0003364633374134396,0.0003364633374134396
1976-06-01,Enrgy_excess,ridge_restricted,0.021494575961696127,-0.00033612852006437155,0.00033612852006437155
1971-04-01,HiTec_excess,ridge_restricted,-0.0026313644616842158,-0.00033595188781232466,0.00033595188781232466
1977-01-01,Manuf_excess,ridge_restricted,0.01953103792616806,-0.00033400906641811723,0.00033400906641811723
1976-01-01,NoDur_excess,ridge_restricted,0.008858780541681432,0.00033344529363044106,0.00033344529363044106
1976-08-01,Telcm_excess,ols_restricted,0.016627255617225223,-0.0003325183535257681,0.0003325183535257681
1972-05-01,Other_excess,ridge_restricted,0.004272497481546567,0.00033188073086454217,0.00033188073086454217
1976-10-01,Hlth_excess,random_forest,0.0036915190432331713,-0.00033159384616920917,0.00033159384616920917
1972-03-01,Other_excess,ridge_restricted,0.0041630870538112985,-0.00033148366392354855,0.00033148366392354855
1977-02-01,NoDur_excess,random_forest,0.012950534189605567,-0.0003301717186888764,0.0003301717186888764
1976-03-01,Utils_excess,ols4_restricted,0.028834312484561142,-0.00033015837203020926,0.00033015837203020926
1972-07-01,Manuf_excess,random_forest,0.00046458091458156936,0.0003292031203228074,0.0003292031203228074
1976-03-01,Durbl_excess,random_forest,0.027986137373629094,0.00032911179410111124,0.00032911179410111124
1975-05-01,Hlth_excess,ols4_restricted,-0.002249215414156902,-0.0003280392365874185,0.0003280392365874185
1976-03-01,Utils_excess,elastic_net_restricted,-0.01974632722815506,-0.0003266963844548165,0.0003266963844548165
1976-02-01,NoDur_excess,elastic_net_restricted,-0.019094680251077856,-0.0003263506355648538,0.0003263506355648538
1976-03-01,Utils_excess,ols_restricted,-0.03193402770189957,-0.0003258278560067662,0.0003258278560067662
1971-04-01,Hlth_excess,ols4_restricted,-0.02901060188973381,-0.00032518495760824884,0.00032518495760824884
1972-11-01,HiTec_excess,ridge_restricted,0.0018252849951451156,-0.0003247134396386908,0.0003247134396386908
1972-10-01,NoDur_excess,ols4_restricted,-0.02025732932588742,0.0003246908657341674,0.0003246908657341674
1977-09-01,Hlth_excess,elastic_net_restricted,-0.012600923970271127,0.0003237929190877953,0.0003237929190877953
1972-10-01,Telcm_excess,ols_restricted,0.028013699556586946,0.0003234133162203223,0.0003234133162203223
1976-10-01,Utils_excess,ols_restricted,-0.033495167339937515,0.00032203560372923157,0.00032203560372923157
1977-01-01,Shops_excess,ridge_restricted,0.004315981759907883,-0.0003207994370553191,0.0003207994370553191
1977-09-01,Shops_excess,ols_restricted,-0.014375475480502997,0.00032032416807314945,0.00032032416807314945
1976-11-01,NoDur_excess,ols_restricted,-0.02495583940038215,-0.0003190153479664115,0.0003190153479664115
1972-08-01,Hlth_excess,elastic_net_restricted,-0.03253415459009612,-0.00031864810086035256,0.00031864810086035256
1976-02-01,Enrgy_excess,ols4_restricted,0.007929754399958022,0.00031796310928555727,0.00031796310928555727
1972-02-01,Other_excess,ridge_restricted,0.004494570717734847,-0.00031790107006191004,0.00031790107006191004
1972-07-01,Manuf_excess,ols4_restricted,0.006679077319022175,0.00031744608705852606,0.00031744608705852606
1975-07-01,Hlth_excess,ols4_restricted,-0.0026055157421123187,-0.0003157949841690044,0.0003157949841690044
1976-04-01,NoDur_excess,ols_restricted,-0.024863414794334515,-0.0003150281455994719,0.0003150281455994719
1971-06-01,Enrgy_excess,ols_restricted,0.015980521595026387,-0.0003149049667251491,0.0003149049667251491
1977-09-01,Utils_excess,random_forest,-0.0103761455648963,0.00031481617153450436,0.00031481617153450436
1971-11-01,Enrgy_excess,random_forest,0.03206942329510498,0.0003146236740735331,0.0003146236740735331
1976-10-01,Telcm_excess,ols4_restricted,0.016399686371645905,-0.00031311682322998635,0.00031311682322998635
1971-08-01,Shops_excess,random_forest,-0.03195242623242467,0.0003120940496055269,0.0003120940496055269
1976-11-01,HiTec_excess,ols4_restricted,0.012479170304138698,-0.00030869929711407895,0.00030869929711407895
1976-10-01,Other_excess,ols_restricted,-0.017190055107650926,0.0003086894400758933,0.0003086894400758933
1971-02-01,Durbl_excess,ols_restricted,-0.00466675805011052,-0.00030849721736214697,0.00030849721736214697
1976-11-01,HiTec_excess,ols_restricted,-0.025081372785166423,-0.0003080396671590879,0.0003080396671590879
1976-11-01,HiTec_excess,elastic_net_restricted,-0.025970461438086012,-0.00030802405318075543,0.00030802405318075543
1972-06-01,Hlth_excess,random_forest,-0.016435246669622483,-0.000306874015531422,0.000306874015531422
1976-02-01,HiTec_excess,random_forest,0.010476674771521033,-0.00030556893811783947,0.00030556893811783947
1977-12-01,Telcm_excess,random_forest,0.009721344701551948,0.00030505009708770014,0.00030505009708770014
1972-12-01,HiTec_excess,random_forest,0.012759415447872069,-0.00030494705599926064,0.00030494705599926064
1971-05-01,NoDur_excess,elastic_net_restricted,-0.03732869980768028,0.0003029648679488961,0.0003029648679488961
1970-09-01,Utils_excess,ridge_restricted,-0.0024620563824069297,0.0003029623857151442,0.0003029623857151442
1972-10-01,Hlth_excess,elastic_net_restricted,-0.03494964686827773,-0.00030215232798180836,0.00030215232798180836
1977-07-01,Durbl_excess,ols_restricted,-0.007712069253814846,0.0003019635753218619,0.0003019635753218619
1972-02-01,Other_excess,ols_restricted,0.0001636328874136117,-0.00030139771329884546,0.00030139771329884546
1976-03-01,Shops_excess,elastic_net_restricted,-0.00993853656891952,-0.00030131728084437093,0.00030131728084437093
1977-11-01,Enrgy_excess,random_forest,0.003016659276485867,-0.0003012752742745928,0.0003012752742745928
1976-07-01,Enrgy_excess,ridge_restricted,0.021193667754648704,-0.0003009082070474234,0.0003009082070474234
1971-11-01,Durbl_excess,ols4_restricted,0.018939106248110127,0.0003005171351362357,0.0003005171351362357
1977-10-01,Enrgy_excess,ols_restricted,0.010076693153208138,-0.0003005046786718202,0.0003005046786718202
1975-02-01,Shops_excess,random_forest,-0.010090961013607735,-0.0003003839943336306,0.0003003839943336306
1972-09-01,Enrgy_excess,ols_restricted,0.023022644853978425,-0.00030003345512974455,0.00030003345512974455
1970-07-01,HiTec_excess,ridge_restricted,0.006186617805204908,-0.0002975107085271267,0.0002975107085271267
1977-08-01,Other_excess,random_forest,0.015676343808817772,-0.00029611836689713567,0.00029611836689713567
1976-12-01,HiTec_excess,random_forest,0.007375636870854629,0.00029608356011145975,0.00029608356011145975
1976-10-01,Other_excess,ols4_restricted,0.010915483844474383,0.00029580931631290053,0.00029580931631290053
1972-03-01,NoDur_excess,ols_restricted,-0.0164499513645866,-0.00029533938506443036,0.00029533938506443036
1977-07-01,Other_excess,ols_restricted,-0.01846070177202841,0.0002951933593224876,0.0002951933593224876
1971-10-01,Other_excess,ols_restricted,-0.0024840733727033992,-0.0002936151257517672,0.0002936151257517672
1977-05-01,Enrgy_excess,ols_restricted,0.009971998046984898,0.0002928717716763618,0.0002928717716763618
1972-02-01,Durbl_excess,ols4_restricted,0.01780904233341929,-0.0002928619555047085,0.0002928619555047085
1976-08-01,Durbl_excess,ols_restricted,-0.011203742954970286,-0.00029107092654290234,0.00029107092654290234
1970-01-01,Utils_excess,random_forest,-0.0707613101830682,-0.0002901477722989654,0.0002901477722989654
1976-03-01,NoDur_excess,random_forest,0.017847065645008153,-0.0002896241333910643,0.0002896241333910643
1977-05-01,Shops_excess,ols4_restricted,0.003484035729499513,0.0002895542428533737,0.0002895542428533737
1977-11-01,NoDur_excess,random_forest,0.011532069286845914,0.00028951677729116554,0.00028951677729116554
1971-06-01,NoDur_excess,ols4_restricted,-0.023780825287371465,-0.0002894738665073504,0.0002894738665073504
1971-11-01,NoDur_excess,ols4_restricted,-0.02228359290963433,0.0002890909976429601,0.0002890909976429601
1972-03-01,Shops_excess,ols_restricted,-0.0121140356123699,0.0002884571849894879,0.0002884571849894879
1970-03-01,NoDur_excess,elastic_net_restricted,-0.026631951026981904,0.00028830734750528997,0.00028830734750528997
1975-03-01,Other_excess,ridge_restricted,0.01587472636204934,0.0002879942549123271,0.0002879942549123271
1975-12-01,NoDur_excess,random_forest,0.014509826396702064,-0.0002876216981991808,0.0002876216981991808
1977-07-01,Shops_excess,ols_restricted,-0.013626898225648665,0.0002873831400682647,0.0002873831400682647
1976-03-01,Other_excess,ols4_restricted,0.010082167180586632,-0.0002861112439782598,0.0002861112439782598
1972-08-01,Manuf_excess,ols_restricted,0.009768948635937358,0.000286025094788811,0.000286025094788811
1977-12-01,Hlth_excess,random_forest,0.010688518930564328,-0.0002843190735242196,0.0002843190735242196
1975-03-01,Durbl_excess,random_forest,0.02308549173295915,-0.00028349593929610784,0.00028349593929610784
1975-09-01,Shops_excess,random_forest,-0.00870793704167272,0.0002832376468135944,0.0002832376468135944
1977-12-01,Utils_excess,ols_restricted,-0.030807010750243835,0.00028294209780477253,0.00028294209780477253
1975-12-01,Other_excess,ols_restricted,-0.016264693904564753,0.0002829382832327809,0.0002829382832327809
1975-12-01,Other_excess,elastic_net_restricted,-0.014934007356637746,0.00028240079722019473,0.00028240079722019473
1977-01-01,NoDur_excess,ridge_restricted,0.008314684824691665,-0.0002818214932751584,0.0002818214932751584
1971-01-01,Durbl_excess,ols4_restricted,0.02282640136871139,0.00028175476892133844,0.00028175476892133844
1976-12-01,Other_excess,ridge_restricted,0.015647620737603507,0.000281627578334942,0.000281627578334942
1972-12-01,Manuf_excess,elastic_net_restricted,0.011893161622234416,-0.0002814573510209195,0.0002814573510209195
1975-03-01,Manuf_excess,ridge_restricted,0.022146097776572504,0.0002802158784256381,0.0002802158784256381
1977-09-01,Shops_excess,ols4_restricted,0.00245589897913856,0.0002795804776772881,0.0002795804776772881
1976-06-01,HiTec_excess,ridge_restricted,0.009839755423237673,-0.0002792316943965867,0.0002792316943965867
1977-04-01,Enrgy_excess,ols4_restricted,0.005301691807320985,0.0002783298366936249,0.0002783298366936249
1972-03-01,HiTec_excess,ols4_restricted,-0.01158805187921419,-0.0002775515653750116,0.0002775515653750116
1972-03-01,HiTec_excess,ols_restricted,-0.015513824361171658,-0.0002774536909295744,0.0002774536909295744
1972-03-01,HiTec_excess,elastic_net_restricted,-0.03063345876544621,-0.00027707673942711786,0.00027707673942711786
1977-01-01,HiTec_excess,elastic_net_restricted,-0.02587585987460561,0.00027664555351680775,0.00027664555351680775
1975-05-01,Hlth_excess,elastic_net_restricted,-0.024455840111599958,0.00027626269665903536,0.00027626269665903536
1971-04-01,Shops_excess,elastic_net_restricted,-0.01673111727219201,-0.0002762626096124432,0.0002762626096124432
1975-09-01,Manuf_excess,ridge_restricted,0.021536074902867464,-0.0002762059037535458,0.0002762059037535458
1972-03-01,Shops_excess,elastic_net_restricted,-0.012388436564411798,0.0002761315517818552,0.0002761315517818552
1972-01-01,Utils_excess,ridge_restricted,-0.002871492640118989,0.0002757632151950684,0.0002757632151950684
1972-06-01,NoDur_excess,ols4_restricted,-0.021103477327714337,-0.000272661459385537,0.000272661459385537
1977-05-01,NoDur_excess,elastic_net_restricted,-0.019096164340952404,0.0002724687846826779,0.0002724687846826779
1977-12-01,Shops_excess,elastic_net_restricted,-0.009075773131808074,0.000272439027096949,0.000272439027096949
1972-07-01,Utils_excess,ridge_restricted,0.0010640567723211314,0.00027212686228006433,0.00027212686228006433
1972-06-01,Enrgy_excess,ols_restricted,0.0185024236667507,-0.00027177544875844895,0.00027177544875844895
1972-05-01,Other_excess,ols_restricted,-0.0005414626959636681,-0.0002709995439378332,0.0002709995439378332
1972-01-01,Hlth_excess,ols4_restricted,-0.02767834774578004,-0.0002707401088457573,0.0002707401088457573
1975-12-01,Other_excess,ols4_restricted,0.014597318586235697,0.00027047261274382173,0.00027047261274382173
1975-10-01,Manuf_excess,ridge_restricted,0.021265624750274936,-0.00027045015259252736,0.00027045015259252736
1976-08-01,Durbl_excess,elastic_net_restricted,0.0008244691298278095,-0.0002704088147263972,0.0002704088147263972
1972-12-01,Enrgy_excess,ols4_restricted,-0.004738279188621908,-0.0002694782449987887,0.0002694782449987887
1971-04-01,Telcm_excess,elastic_net_restricted,0.013207540504817428,-0.00026916643389729433,0.00026916643389729433
1971-10-01,Hlth_excess,ols_restricted,-0.03543740381674465,0.0002690618203788908,0.0002690618203788908
1972-09-01,Shops_excess,random_forest,-0.02751752821697173,0.00026777029936631003,0.00026777029936631003
1975-04-01,Durbl_excess,ols_restricted,-0.010474754468597025,-0.00026679147526142977,0.00026679147526142977
1977-06-01,Shops_excess,random_forest,-0.007550306586042943,-0.0002662903559600416,0.0002662903559600416
1972-10-01,Other_excess,elastic_net_restricted,-0.014978478362175363,-0.000266205144129561,0.000266205144129561
1977-09-01,NoDur_excess,elastic_net_restricted,-0.019181249383607213,-0.00026606739151291414,0.00026606739151291414
1976-01-01,Hlth_excess,ols_restricted,-0.01775150728044861,-0.0002660473031570465,0.0002660473031570465
1971-04-01,Telcm_excess,ols4_restricted,0.03501366359887581,-0.00026494553731926107,0.00026494553731926107
1971-12-01,Other_excess,random_forest,-0.004512910450157115,0.0002638757037052297,0.0002638757037052297
1976-04-01,Other_excess,ols_restricted,-0.01771874811816687,0.00026309192729567776,0.00026309192729567776
1976-12-01,Shops_excess,random_forest,-0.008873264074428455,0.0002626351503067781,0.0002626351503067781
1976-10-01,Durbl_excess,random_forest,0.026042224448926343,-0.0002625484302511971,0.0002625484302511971
1977-09-01,Other_excess,random_forest,0.015414200836041947,-0.0002621429727758251,0.0002621429727758251
1976-07-01,Telcm_excess,ols4_restricted,0.019359193421237153,-0.0002613869496188581,0.0002613869496188581
1977-01-01,HiTec_excess,ols_restricted,-0.025305102664971102,0.00026109724294687275,0.00026109724294687275
1977-05-01,Enrgy_excess,random_forest,0.004467805914890155,-0.0002602329750780452,0.0002602329750780452
1971-09-01,Durbl_excess,elastic_net_restricted,-0.005679088901241913,-0.0002600422543999059,0.0002600422543999059
1976-01-01,Enrgy_excess,elastic_net_restricted,0.0010017231068625287,0.0002592007776915928,0.0002592007776915928
1972-01-01,Utils_excess,elastic_net_restricted,-0.043348405525902134,0.00025912671036332213,0.00025912671036332213
1971-02-01,Other_excess,ridge_restricted,0.005432825085401993,-0.00025842409296816804,0.00025842409296816804
1977-04-01,Utils_excess,elastic_net_restricted,-0.017149080404575523,-0.00025836990909566815,0.00025836990909566815
1975-11-01,Other_excess,random_forest,0.01897841182618254,-0.000257856739813378,0.000257856739813378
1977-07-01,Utils_excess,random_forest,-0.008128217118030356,-0.0002577528216571867,0.0002577528216571867
1975-02-01,Manuf_excess,ridge_restricted,0.021865881898146866,0.00025682724625875064,0.00025682724625875064
1971-11-01,Shops_excess,ols4_restricted,-0.021929968978710912,-0.0002568027770188941,0.0002568027770188941
1977-01-01,Utils_excess,random_forest,-0.009611521017995894,-0.0002563331803406843,0.0002563331803406843
1976-11-01,Durbl_excess,ols4_restricted,0.04606148380836861,-0.00025607182081022195,0.00025607182081022195
1975-06-01,Other_excess,ridge_restricted,0.016089544714725457,0.00025574833009645026,0.00025574833009645026
1975-12-01,Utils_excess,ols4_restricted,0.031411162583431795,-0.00025558947891601846,0.00025558947891601846
1976-10-01,Other_excess,elastic_net_restricted,-0.015824715421844937,0.00025452779083945387,0.00025452779083945387
1975-12-01,Utils_excess,elastic_net_restricted,-0.022589772904332728,-0.0002541394418040799,0.0002541394418040799
1975-12-01,Utils_excess,ols_restricted,-0.03530641402285939,-0.0002537979736165763,0.0002537979736165763
1975-09-01,HiTec_excess,random_forest,0.014380453022636908,0.000253695253358055,0.000253695253358055
1971-02-01,Shops_excess,ridge_restricted,-0.01732711036251966,-0.0002529516355924688,0.0002529516355924688
1975-06-01,NoDur_excess,elastic_net_restricted,-0.02537276244314368,-0.0002525694484454277,0.0002525694484454277
1976-02-01,Durbl_excess,random_forest,0.027657025579527983,0.00025119000632067845,0.00025119000632067845
1975-02-01,Durbl_excess,ridge_restricted,0.038448010873188054,0.00025016590497062285,0.00025016590497062285
1972-06-01,NoDur_excess,ridge_restricted,-0.00040848363240342245,0.00024941010606371883,0.00024941010606371883
1976-04-01,Enrgy_excess,random_forest,0.006323820176489803,0.00024936942014641694,0.00024936942014641694
1976-08-01,Enrgy_excess,ols_restricted,0.005249937432135088,0.00024856131853789876,0.00024856131853789876
1975-11-01,Other_excess,elastic_net_restricted,-0.015216408153857941,-0.000247968672602461,0.000247968672602461
1972-05-01,NoDur_excess,random_forest,0.0043121589097078195,0.00024777778593498834,0.00024777778593498834
1972-04-01,NoDur_excess,ols4_restricted,-0.020630415631391008,0.00024747880328601646,0.00024747880328601646
1971-06-01,NoDur_excess,ridge_restricted,-0.0005118377298878318,0.0002469594284622012,0.0002469594284622012
1971-09-01,HiTec_excess,ols_restricted,-0.013900355645224183,0.00024692418569860486,0.00024692418569860486
1976-04-01,Telcm_excess,random_forest,0.012415058407478141,0.0002464553740540998,0.0002464553740540998
1976-05-01,Shops_excess,ridge_restricted,0.004631350468811801,-0.00024620401522934543,0.00024620401522934543
1977-07-01,Other_excess,ols4_restricted,0.009050896941261821,0.00024616597487414626,0.00024616597487414626
1976-08-01,Shops_excess,random_forest,-0.009067818798582428,0.0002445032595275176,0.0002445032595275176
1977-11-01,HiTec_excess,random_forest,0.005262461657554618,0.000243089807278829,0.000243089807278829
1977-04-01,Utils_excess,random_forest,-0.010516091953736595,0.0002427556309143597,0.0002427556309143597
1976-10-01,Durbl_excess,ols4_restricted,0.04631755562917883,-0.0002425050690444408,0.0002425050690444408
1977-10-01,Durbl_excess,ridge_restricted,0.03457364624568071,-0.00024130976223679657,0.00024130976223679657
1975-11-01,Hlth_excess,ols_restricted,-0.02105260177411461,-0.00024043215065105983,0.00024043215065105983
1976-04-01,Telcm_excess,elastic_net_restricted,0.012274517965476739,0.00024017327927972065,0.00024017327927972065
1972-09-01,Shops_excess,ridge_restricted,-0.014548850902079247,0.0002400842400183123,0.0002400842400183123
1975-05-01,Durbl_excess,random_forest,0.024250966831328546,0.00023990279761454403,0.00023990279761454403
1972-10-01,Other_excess,ols4_restricted,-0.006400778466201462,-0.00023978086553611,0.00023978086553611
1972-12-01,Durbl_excess,ridge_restricted,0.019183251012693026,-0.0002389911065785455,0.0002389911065785455
1975-02-01,Other_excess,ridge_restricted,0.015586732107137014,0.000238815739016629,0.000238815739016629
1971-11-01,Telcm_excess,ols4_restricted,0.046923000634911616,0.00023855095276659188,0.00023855095276659188
1976-11-01,Manuf_excess,random_forest,-0.0005613272283142567,-0.0002382636061470933,0.0002382636061470933
1972-07-01,Manuf_excess,ridge_restricted,0.017954624990302537,0.00023744628167166049,0.00023744628167166049
1976-03-01,Telcm_excess,random_forest,0.012168603033424041,-0.00023719632748897546,0.00023719632748897546
1976-12-01,NoDur_excess,ols4_restricted,0.0014853674384746052,-0.00023698458565923897,0.00023698458565923897
1972-04-01,Other_excess,ols_restricted,-0.00027046315202583493,0.00023678107088476175,0.00023678107088476175
1976-02-01,Telcm_excess,ols_restricted,0.0165726024625259,0.00023641267408813782,0.00023641267408813782
1975-06-01,Utils_excess,ridge_restricted,0.006126734617532659,-0.00023513515006590158,0.00023513515006590158
1972-07-01,Hlth_excess,ols4_restricted,-0.02724336284560902,0.00023478604019877558,0.00023478604019877558
1977-12-01,HiTec_excess,elastic_net_restricted,-0.02366678733503802,-0.00023453469125200854,0.00023453469125200854
1977-09-01,Enrgy_excess,ols_restricted,0.010377197831879958,-0.00023309044852071192,0.00023309044852071192
1971-08-01,HiTec_excess,random_forest,0.012207996976411506,-0.00023249344740150502,0.00023249344740150502
1971-02-01,NoDur_excess,ridge_restricted,-0.0007277921180099955,-0.0002308515300815106,0.0002308515300815106
1977-05-01,Utils_excess,elastic_net_restricted,-0.01737955972867744,-0.00023047932410191763,0.00023047932410191763
1977-07-01,Durbl_excess,ols4_restricted,0.04169137788780497,-0.00022983933501696807,0.00022983933501696807
1977-03-01,Utils_excess,ols_restricted,-0.03050185601627242,0.000229726912566397,0.000229726912566397
1977-06-01,Manuf_excess,random_forest,0.0005192801623900012,0.00022970899647045684,0.00022970899647045684
1972-08-01,Shops_excess,ols_restricted,-0.01858688449819068,0.00022943211284864873,0.00022943211284864873
1975-02-01,NoDur_excess,ridge_restricted,0.00899556569630533,0.00022926743265894167,0.00022926743265894167
1977-10-01,Other_excess,ridge_restricted,0.015031470778445022,-0.00022888663765097128,0.00022888663765097128
1977-05-01,Enrgy_excess,ridge_restricted,0.022229736770437603,-0.00022859241512440676,0.00022859241512440676
1976-08-01,Hlth_excess,elastic_net_restricted,-0.01905688289898233,-0.00022854635062241613,0.00022854635062241613
1975-06-01,HiTec_excess,random_forest,0.014792076386299313,0.00022700788943996741,0.00022700788943996741
1977-03-01,Utils_excess,elastic_net_restricted,-0.016890710495479855,0.00022650728231554673,0.00022650728231554673
1975-03-01,Shops_excess,ridge_restricted,0.004930851839060502,0.00022591980559494296,0.00022591980559494296
1976-09-01,Shops_excess,random_forest,-0.009292750463250288,-0.00022493166466786008,0.00022493166466786008
1975-09-01,Shops_excess,ridge_restricted,0.004990757982963889,0.0002248806721102392,0.0002248806721102392
1971-06-01,Shops_excess,ridge_restricted,-0.018445264910354142,0.00022466313537905513,0.00022466313537905513
1975-03-01,Other_excess,elastic_net_restricted,-0.015901228039613136,-0.00022453066470129457,0.00022453066470129457
1976-07-01,Other_excess,ols_restricted,-0.017983189124436638,0.00022428695242959762,0.00022428695242959762
1972-03-01,Hlth_excess,random_forest,-0.015698258272932142,0.00022379450670295675,0.00022379450670295675
1971-01-01,Utils_excess,ridge_restricted,-0.005886584129744188,-0.000223677699163094,0.000223677699163094
1976-10-01,Shops_excess,ols_restricted,-0.013996748566249329,0.00022353590072166085,0.00022353590072166085
1972-05-01,Shops_excess,ols4_restricted,-0.014823838015993074,0.00022340467325254743,0.00022340467325254743
1970-08-01,Utils_excess,ridge_restricted,-0.002765018768122074,-0.00022299595188379762,0.00022299595188379762
1971-02-01,Hlth_excess,random_forest,-0.020224848955023633,-0.00022299153631322177,0.00022299153631322177
1972-04-01,Other_excess,ridge_restricted,0.0039406167506820244,-0.00022247030312927407,0.00022247030312927407
1975-02-01,Enrgy_excess,elastic_net_restricted,0.008031900671909065,0.0002220013815873445,0.0002220013815873445
1975-09-01,Durbl_excess,ols4_restricted,0.04986969523488716,0.00022121695273946695,0.00022121695273946695
1972-05-01,Shops_excess,ols_restricted,-0.014131794442450607,0.00021990478639799527,0.00021990478639799527
1972-06-01,Durbl_excess,ols4_restricted,0.018101243527473554,0.00021958877964167733,0.00021958877964167733
1972-10-01,Manuf_excess,ols_restricted,0.008631007032019355,-0.0002192584205684689,0.0002192584205684689
1971-09-01,Hlth_excess,ols_restricted,-0.03570646563712354,0.0002187779799980305,0.0002187779799980305
1971-04-01,NoDur_excess,ols_restricted,-0.03082412463706441,-0.00021758019315676336,0.00021758019315676336
1972-04-01,Other_excess,elastic_net_restricted,-0.009495871104294062,0.00021711520341427537,0.00021711520341427537
1977-03-01,Utils_excess,ols4_restricted,0.023152525393207446,0.00021703530852712483,0.00021703530852712483
1976-07-01,Other_excess,ols4_restricted,0.010178620060586896,0.00021641059516142036,0.00021641059516142036
1977-12-01,Utils_excess,ols4_restricted,0.020996713821099244,0.00021561864819119592,0.00021561864819119592
1976-01-01,Other_excess,random_forest,0.01886020631125629,-0.00021430645521347547,0.00021430645521347547
1976-09-01,Enrgy_excess,ols4_restricted,0.007119239050787152,0.0002122644111834937,0.0002122644111834937
1971-09-01,Other_excess,ridge_restricted,0.005864425897524672,0.00021188474684175063,0.00021188474684175063
1976-06-01,Shops_excess,ols_restricted,-0.014857065150810866,-0.00021147712264180107,0.00021147712264180107
1972-04-01,Other_excess,random_forest,-0.0073823036858404745,-0.0002113810250625736,0.0002113810250625736
1976-09-01,Durbl_excess,random_forest,0.02630477287917754,0.0002105683081058407,0.0002105683081058407
1977-01-01,Telcm_excess,ols4_restricted,0.013861995501351032,0.00020997766043406862,0.00020997766043406862
1977-09-01,Utils_excess,elastic_net_restricted,-0.01671378751218544,0.00020883995042897396,0.00020883995042897396
1977-09-01,Other_excess,ols4_restricted,0.009694557846129048,0.00020879296166087524,0.00020879296166087524
1976-07-01,Durbl_excess,elastic_net_restricted,0.0010948779445542067,-0.00020782920678641403,0.00020782920678641403
1972-05-01,Shops_excess,elastic_net_restricted,-0.013885522477089296,0.00020756184981540748,0.00020756184981540748
1972-01-01,Telcm_excess,random_forest,0.0016740661275796986,-0.00020750868336061323,0.00020750868336061323
1975-09-01,Manuf_excess,random_forest,0.001247182340423203,-0.00020705604407889044,0.00020705604407889044
1976-08-01,Shops_excess,ols_restricted,-0.014242458881097209,-0.00020701746160756151,0.00020701746160756151
1977-05-01,Durbl_excess,elastic_net_restricted,0.0031857695766818184,0.0002064706124421667,0.0002064706124421667
1977-03-01,Telcm_excess,random_forest,0.013195698731747085,-0.00020480703127390143,0.00020480703127390143
1977-01-01,Enrgy_excess,ridge_restricted,0.02192719294280765,-0.00020455863734614166,0.00020455863734614166
1975-12-01,Durbl_excess,random_forest,0.02545888046840683,-0.00020357223246381118,0.00020357223246381118
1977-03-01,Other_excess,ols_restricted,-0.017684335121821215,0.000202554177310299,0.000202554177310299
1977-03-01,Other_excess,elastic_net_restricted,-0.015538920244222432,0.00020202531055035777,0.00020202531055035777
1972-12-01,NoDur_excess,random_forest,0.00322899175584479,0.0002015597053264262,0.0002015597053264262
1976-02-01,Manuf_excess,ols4_restricted,0.014178666169038845,-0.00020146229844342223,0.00020146229844342223
1972-05-01,NoDur_excess,ols4_restricted,-0.0208308158683288,-0.0002004002369377922,0.0002004002369377922
1976-12-01,Shops_excess,elastic_net_restricted,-0.01004890755761223,0.0002003565697954457,0.0002003565697954457
1972-01-01,NoDur_excess,ridge_restricted,-0.0003125243052137794,-0.00020018891501338842,0.00020018891501338842
1975-07-01,Durbl_excess,ridge_restricted,0.03807655141884836,-0.0002000813989705419,0.0002000813989705419
1972-09-01,Utils_excess,ridge_restricted,-0.0004981346118617669,0.00019931892232549764,0.00019931892232549764
1976-08-01,Utils_excess,elastic_net_restricted,-0.020839980278845482,-0.0001992977123281836,0.0001992977123281836
1977-04-01,Durbl_excess,ols4_restricted,0.042252897910850074,0.00019799402393794185,0.00019799402393794185
1971-11-01,Hlth_excess,ols4_restricted,-0.02645370044077211,0.00019663152525106753,0.00019663152525106753
1977-02-01,HiTec_excess,random_forest,0.0067671936015568646,-0.0001943612420375329,0.0001943612420375329
1976-04-01,NoDur_excess,ols4_restricted,0.0019373935832379674,-0.00019378445528539512,0.00019378445528539512
1971-11-01,Other_excess,ridge_restricted,0.0068560478806541925,0.0001934389074765841,0.0001934389074765841
1976-04-01,Telcm_excess,ols_restricted,0.016829054328332482,0.00019319564675590595,0.00019319564675590595
1970-04-01,Hlth_excess,ols_restricted,-0.003238469704797131,-0.00019289882885131782,0.00019289882885131782
1977-10-01,Utils_excess,elastic_net_restricted,-0.016906578019588947,-0.00019279050740350634,0.00019279050740350634
1977-12-01,Utils_excess,elastic_net_restricted,-0.016955217351489527,-0.00019219617270649358,0.00019219617270649358
1972-07-01,Manuf_excess,elastic_net_restricted,0.011308308017901725,0.00019199909356548694,0.00019199909356548694
1970-01-01,HiTec_excess,ridge_restricted,0.0022320400554902697,-0.00019152236064401418,0.00019152236064401418
1977-04-01,Enrgy_excess,elastic_net_restricted,0.0013958672689770024,0.00019122465869481076,0.00019122465869481076
1976-07-01,Other_excess,elastic_net_restricted,-0.016505418013076145,0.000190178432489585,0.000190178432489585
1975-12-01,NoDur_excess,ols4_restricted,0.0026422563268484467,-0.00018969448122940769,0.00018969448122940769
1976-09-01,HiTec_excess,random_forest,0.00797103129562371,0.00018923384168956225,0.00018923384168956225
1977-03-01,Other_excess,ols4_restricted,0.010010032098859645,0.00018812345921992435,0.00018812345921992435
1976-03-01,Other_excess,random_forest,0.019475151692097237,0.000187753713698946,0.000187753713698946
1976-07-01,Durbl_excess,random_forest,0.026481098800717695,-0.0001876257689065186,0.0001876257689065186
1977-07-01,HiTec_excess,random_forest,0.00609881461078654,-0.00018761428700997396,0.00018761428700997396
1972-02-01,HiTec_excess,ridge_restricted,0.0004520060319586072,-0.00018761284799762024,0.00018761284799762024
1977-03-01,Enrgy_excess,ridge_restricted,0.022290556612366896,-0.0001868389889039257,0.0001868389889039257
1977-02-01,Shops_excess,random_forest,-0.01029223369504595,-0.00018559922216887514,0.00018559922216887514
1977-11-01,Other_excess,random_forest,0.013943363096316386,0.00018422264556228196,0.00018422264556228196
1977-04-01,Shops_excess,ols4_restricted,0.003194481486646139,0.00018357669192536896,0.00018357669192536896
1976-12-01,Durbl_excess,ols4_restricted,0.04587802299288524,-0.00018346081548337168,0.00018346081548337168
1977-02-01,Telcm_excess,ols_restricted,0.01523907077844422,-0.00018311515808366874,0.00018311515808366874
1977-02-01,Telcm_excess,elastic_net_restricted,0.012341261797996772,-0.00018310730478721116,0.00018310730478721116
1976-06-01,Shops_excess,elastic_net_restricted,-0.009976041996108798,-0.00018301968812517444,0.00018301968812517444
1976-12-01,HiTec_excess,elastic_net_restricted,-0.02615250542812242,-0.0001820439900364068,0.0001820439900364068
1977-08-01,NoDur_excess,ols_restricted,-0.02404132279007265,0.0001819953368384919,0.0001819953368384919
1975-09-01,NoDur_excess,random_forest,0.014207728437600875,-0.0001817599833068284,0.0001817599833068284
1976-06-01,Other_excess,ridge_restricted,0.015447313988276923,-0.00018174702892825856,0.00018174702892825856
1972-09-01,HiTec_excess,elastic_net_restricted,-0.030978460024887466,0.00018150915825021485,0.00018150915825021485
1972-10-01,NoDur_excess,ridge_restricted,0.0008328767904135503,0.00018144496253058584,0.00018144496253058584
1977-07-01,Shops_excess,random_forest,-0.007369172766078069,0.00018113381996487377,0.00018113381996487377
1977-07-01,Durbl_excess,ridge_restricted,0.03484243127440145,-0.00018003459555870904,0.00018003459555870904
1972-05-01,Hlth_excess,ols4_restricted,-0.027534428840015,0.00017970666105071587,0.00017970666105071587
1970-10-01,NoDur_excess,elastic_net_restricted,-0.03325988903569255,0.00017957012311287102,0.00017957012311287102
1977-03-01,Manuf_excess,random_forest,-0.00039094645950310536,0.00017937503488307804,0.00017937503488307804
1972-07-01,NoDur_excess,ols4_restricted,-0.021282525980722333,-0.000179048653007996,0.000179048653007996
1975-02-01,Enrgy_excess,ridge_restricted,0.026765174727590657,0.0001782057421935157,0.0001782057421935157
1976-07-01,Durbl_excess,ols_restricted,-0.010912672028427384,-0.00017816331069075986,0.00017816331069075986
1976-02-01,Shops_excess,ridge_restricted,0.005195662992521721,0.00017771121387222255,0.00017771121387222255
1977-02-01,Other_excess,random_forest,0.015429161047693762,-0.00017598183586697846,0.00017598183586697846
1975-08-01,Shops_excess,random_forest,-0.008991174688486314,0.0001759118144604166,0.0001759118144604166
1975-08-01,Durbl_excess,ridge_restricted,0.038252205077537904,0.0001756536586895452,0.0001756536586895452
1976-02-01,Enrgy_excess,ridge_restricted,0.022331438564897943,0.00017488822825184602,0.00017488822825184602
1977-07-01,Shops_excess,elastic_net_restricted,-0.00880968524319714,0.00017488649609442852,0.00017488649609442852
1977-04-01,Enrgy_excess,random_forest,0.0047280388899682,0.00017441133479301207,0.00017441133479301207
1975-02-01,HiTec_excess,ridge_restricted,0.01150202747420459,-0.00017377094478177035,0.00017377094478177035
1976-08-01,Enrgy_excess,ols4_restricted,0.006906974639603658,-0.00017363239094692062,0.00017363239094692062
1975-10-01,Manuf_excess,random_forest,0.0014193129040398489,0.00017213056361664592,0.00017213056361664592
1976-09-01,Telcm_excess,elastic_net_restricted,0.012178317253149662,0.00017189492036884246,0.00017189492036884246
1977-02-01,Manuf_excess,random_forest,-0.0005703214943861834,-0.0001701200592996166,0.0001701200592996166
1972-08-01,NoDur_excess,ridge_restricted,0.00012695382030547542,0.00016929796568665445,0.00016929796568665445
1976-10-01,NoDur_excess,ols4_restricted,0.0017848079202728018,0.00016795533235369753,0.00016795533235369753
1976-12-01,Shops_excess,ols_restricted,-0.015046118759547422,0.00016790928443377595,0.00016790928443377595
1977-04-01,Enrgy_excess,ridge_restricted,0.02245832918556201,0.00016777257319511296,0.00016777257319511296
1971-11-01,Shops_excess,random_forest,-0.031176933087195824,-0.00016720516763713,0.00016720516763713
1971-09-01,Hlth_excess,ols4_restricted,-0.028026525505131072,0.00016709897004663077,0.00016709897004663077
1977-02-01,Telcm_excess,random_forest,0.013400505763020987,-0.00016671627097275543,0.00016671627097275543
1976-03-01,Durbl_excess,ols_restricted,-0.008857314243246428,0.0001665466458586895,0.0001665466458586895
1972-12-01,HiTec_excess,ridge_restricted,0.001658744563643344,-0.00016654043150177156,0.00016654043150177156
1977-04-01,Enrgy_excess,ols_restricted,0.009679126275308536,-0.00016621207616018818,0.00016621207616018818
1970-10-01,NoDur_excess,random_forest,0.024961033264274568,0.00016560814941479762,0.00016560814941479762
1976-09-01,Telcm_excess,random_forest,0.012330325402278186,0.00016554178639305306,0.00016554178639305306
1972-12-01,NoDur_excess,ols4_restricted,-0.021883154735644172,0.00016318079336463676,0.00016318079336463676
1977-08-01,HiTec_excess,ols_restricted,-0.023458946375671585,0.00016226331453550458,0.00016226331453550458
1977-08-01,HiTec_excess,elastic_net_restricted,-0.024075409591265418,0.00016209359193464223,0.00016209359193464223
1975-02-01,Enrgy_excess,ols_restricted,0.01798888458361836,0.00016206751719483048,0.00016206751719483048
1977-09-01,Enrgy_excess,ridge_restricted,0.021490116847483254,-0.0001611516334406593,0.0001611516334406593
1976-10-01,Other_excess,random_forest,0.016552807361895905,-0.00016111667286944353,0.00016111667286944353
1977-12-01,NoDur_excess,elastic_net_restricted,-0.019390469160772916,-0.00016090908485377753,0.00016090908485377753
1976-07-01,Enrgy_excess,ols_restricted,0.005001376113597189,-0.00016004009654801976,0.00016004009654801976
1977-07-01,Shops_excess,ols4_restricted,0.0027579031873907756,0.00015989169021757288,0.00015989169021757288
1976-03-01,Manuf_excess,elastic_net_restricted,-0.0021044878425133806,-0.00015985394787021434,0.00015985394787021434
1976-03-01,Manuf_excess,ols_restricted,-0.013020661472781248,-0.0001598365846700034,0.0001598365846700034
1977-11-01,Enrgy_excess,elastic_net_restricted,-0.00020967009931172065,0.00015863514151837066,0.00015863514151837066
1972-12-01,Shops_excess,ols_restricted,-0.019797341756673248,-0.00015827518100874904,0.00015827518100874904
1976-09-01,Telcm_excess,ols_restricted,0.01678493031363315,0.00015767469640792786,0.00015767469640792786
1970-10-01,NoDur_excess,ols4_restricted,-0.022904394520589122,0.00015722306545673526,0.00015722306545673526
1977-01-01,Enrgy_excess,ols4_restricted,0.0070892551217676125,-0.0001569101664568029,0.0001569101664568029
1972-04-01,HiTec_excess,ols_restricted,-0.015357251346504563,0.00015657301466709406,0.00015657301466709406
1977-08-01,HiTec_excess,ols4_restricted,0.01427174877389481,0.00015625296748245088,0.00015625296748245088
1972-01-01,Shops_excess,random_forest,-0.029784855946450417,0.00015602718729512688,0.00015602718729512688
1971-09-01,NoDur_excess,ols4_restricted,-0.023867471108374838,0.00015527199842568784,0.00015527199842568784
1972-07-01,Telcm_excess,ols4_restricted,0.04304060066653659,-0.0001547907000624127,0.0001547907000624127
1972-07-01,Telcm_excess,ols_restricted,0.027777224286571034,-0.0001546401251347751,0.0001546401251347751
1972-07-01,Telcm_excess,elastic_net_restricted,0.015467121487645508,-0.00015451868458349338,0.00015451868458349338
1971-05-01,Durbl_excess,elastic_net_restricted,-0.006928093443373973,-0.00015364226326886055,0.00015364226326886055
1975-11-01,Manuf_excess,random_forest,0.0012659245840098698,-0.00015338832002997904,0.00015338832002997904
1971-11-01,HiTec_excess,elastic_net_restricted,-0.022357064629933587,-0.00015326071924137707,0.00015326071924137707
1976-05-01,NoDur_excess,ols4_restricted,0.0017844925917555043,-0.00015290099148246306,0.00015290099148246306
1976-05-01,HiTec_excess,elastic_net_restricted,-0.025956988046359486,0.00015277690538506583,0.00015277690538506583
1976-05-01,HiTec_excess,ols_restricted,-0.02588065404516504,0.0001527652983006611,0.0001527652983006611
1975-08-01,Durbl_excess,random_forest,0.025509344713050663,0.0001525908643705831,0.0001525908643705831
1975-04-01,Enrgy_excess,random_forest,0.0029846207164627714,0.0001524037465681083,0.0001524037465681083
1972-12-01,Shops_excess,ols4_restricted,-0.022252915118055272,-0.0001514840805438844,0.0001514840805438844
1971-02-01,Hlth_excess,elastic_net_restricted,-0.0447170415870346,-0.00015136470425969328,0.00015136470425969328
1972-04-01,HiTec_excess,elastic_net_restricted,-0.030482183229412874,0.0001512755360333351,0.0001512755360333351
1975-05-01,Utils_excess,ridge_restricted,0.00636186976759856,-0.00015098651111433714,0.00015098651111433714
1977-06-01,NoDur_excess,elastic_net_restricted,-0.018945220330705892,0.00015094401024651205,0.00015094401024651205
1977-06-01,Other_excess,random_forest,0.015979615153718374,0.0001508871022788405,0.0001508871022788405
1976-09-01,Durbl_excess,ols4_restricted,0.04656006069822327,0.00014920506312410264,0.00014920506312410264
1976-12-01,NoDur_excess,ridge_restricted,0.008596506317966823,0.00014918465570701311,0.00014918465570701311
1976-04-01,Other_excess,ridge_restricted,0.0157147891702899,-0.00014915427956530003,0.00014915427956530003
1972-01-01,NoDur_excess,ols4_restricted,-0.021717923296791675,0.00014899311597038611,0.00014899311597038611
1972-02-01,Durbl_excess,random_forest,-0.009587526730078899,0.00014870527528554334,0.00014870527528554334
1976-05-01,HiTec_excess,ols4_restricted,0.012640754427437284,0.00014690786605509043,0.00014690786605509043
1972-02-01,Telcm_excess,random_forest,0.0018209457399890328,0.00014687961240933411,0.00014687961240933411
1975-10-01,Telcm_excess,ridge_restricted,-3.8865267488086275e-05,-0.0001465499859686359,0.0001465499859686359
1977-12-01,Telcm_excess,elastic_net_restricted,0.014327501306380275,-0.0001463359767124306,0.0001463359767124306
1977-11-01,Durbl_excess,ols4_restricted,0.04205211096029571,-0.00014628833620067283,0.00014628833620067283
1977-09-01,Shops_excess,elastic_net_restricted,-0.009447451462752277,0.00014503142204458364,0.00014503142204458364
1977-10-01,Manuf_excess,ridge_restricted,0.019302319366266807,-0.00014487989586298156,0.00014487989586298156
1975-05-01,HiTec_excess,ridge_restricted,0.011254928756153637,-0.0001440156463744513,0.0001440156463744513
1977-11-01,Utils_excess,elastic_net_restricted,-0.016763021178783033,0.00014355684080591402,0.00014355684080591402
1976-02-01,HiTec_excess,ols4_restricted,0.011597308659908045,-0.00014352178388543635,0.00014352178388543635
1971-10-01,Enrgy_excess,ridge_restricted,0.04987353924003013,0.00014340501701848307,0.00014340501701848307
1977-04-01,Durbl_excess,random_forest,0.02488490997288939,0.00014334276279526215,0.00014334276279526215
1977-07-01,Other_excess,elastic_net_restricted,-0.01636485056687187,0.00014304492043382133,0.00014304492043382133
1976-06-01,NoDur_excess,ols4_restricted,0.0016419588330023327,-0.00014253375875317165,0.00014253375875317165
1977-09-01,Other_excess,ols_restricted,-0.017804354715491133,0.0001424089334816081,0.0001424089334816081
1977-06-01,Telcm_excess,elastic_net_restricted,0.012911433547842521,0.0001422450358123939,0.0001422450358123939
1976-04-01,Manuf_excess,ridge_restricted,0.020051782757472547,-0.00014149559858023242,0.00014149559858023242
1971-08-01,NoDur_excess,ols4_restricted,-0.024022743106800526,-0.00014093533364767374,0.00014093533364767374
1976-11-01,Other_excess,random_forest,0.016693313131989518,0.00014050577009361298,0.00014050577009361298
1977-05-01,Enrgy_excess,elastic_net_restricted,0.0012563326191036284,-0.00013953464987337405,0.00013953464987337405
1977-09-01,Hlth_excess,random_forest,0.011069323249768837,-0.00013934679223792656,0.00013934679223792656
1977-04-01,Other_excess,random_forest,0.01570253248220166,0.0001386978845855369,0.0001386978845855369
1975-11-01,NoDur_excess,ols4_restricted,0.0028319508080778544,-0.00013816695817703284,0.00013816695817703284
1972-01-01,Durbl_excess,ols4_restricted,0.018101904288923998,-0.00013800080316184182,0.00013800080316184182
1977-02-01,Telcm_excess,ols4_restricted,0.01372459855957131,-0.00013739694177972162,0.00013739694177972162
1975-11-01,Shops_excess,ridge_restricted,0.0046512198038038965,0.0001366184681385052,0.0001366184681385052
1977-12-01,Manuf_excess,random_forest,-0.0008256473253873686,-0.00013616761732992977,0.00013616761732992977
1976-06-01,Telcm_excess,random_forest,0.011073579714434123,-0.00013607304902585327,0.00013607304902585327
1975-07-01,Shops_excess,ols_restricted,-0.0194298247006095,0.00013588684544085794,0.00013588684544085794
1972-12-01,HiTec_excess,elastic_net_restricted,-0.031932164998049295,0.00013557750385806422,0.00013557750385806422
1972-09-01,Utils_excess,ols_restricted,-0.042503075884303465,-0.00013533250777086892,0.00013533250777086892
1977-03-01,Other_excess,random_forest,0.015563834597616122,0.00013467354992235947,0.00013467354992235947
1972-12-01,Manuf_excess,ols4_restricted,0.002615598803161312,-0.00013452578162531648,0.00013452578162531648
1975-11-01,NoDur_excess,ridge_restricted,0.008519653770638236,0.00013428803715875848,0.00013428803715875848
1975-11-01,Other_excess,ridge_restricted,0.015466202348466962,0.00013413526990191382,0.00013413526990191382
1976-02-01,HiTec_excess,ols_restricted,-0.026400628365498058,-0.00013408099246237093,0.00013408099246237093
1976-05-01,Utils_excess,random_forest,-0.013350405065282622,-0.00013387740997861108,0.00013387740997861108
1977-11-01,Durbl_excess,ols_restricted,-0.007030463740691051,-0.00013384794569670788,0.00013384794569670788
1971-03-01,Telcm_excess,ols4_restricted,0.03527860913619507,-0.00013381552699442967,0.00013381552699442967
1975-03-01,Shops_excess,random_forest,-0.010224721329346265,-0.0001337603157385292,0.0001337603157385292
1971-03-01,Telcm_excess,ols_restricted,0.02708982255445036,-0.00013359474573160224,0.00013359474573160224
1977-06-01,Shops_excess,ridge_restricted,0.004298824730474604,-0.0001335151469337159,0.0001335151469337159
1971-03-01,Telcm_excess,elastic_net_restricted,0.013476706938714722,-0.0001332277168898388,0.0001332277168898388
1972-12-01,Telcm_excess,random_forest,-0.0028421422001683183,-0.0001330351611195102,0.0001330351611195102
1972-12-01,Shops_excess,elastic_net_restricted,-0.01805565761606087,0.00013254450811772678,0.00013254450811772678
1971-06-01,Enrgy_excess,ols4_restricted,0.004004608537230836,-0.0001319102080216128,0.0001319102080216128
1971-11-01,NoDur_excess,ridge_restricted,0.0008189271148919541,0.000131707844254203,0.000131707844254203
1977-03-01,HiTec_excess,random_forest,0.006635835079043084,-0.00013135852251378033,0.00013135852251378033
1972-04-01,Shops_excess,random_forest,-0.030201755585013146,0.00013078865010340834,0.00013078865010340834
1975-08-01,HiTec_excess,ridge_restricted,0.01124845793254492,0.0001303749590357839,0.0001303749590357839
1970-05-01,Utils_excess,random_forest,-0.05035625749269612,-0.0001301674479352588,0.0001301674479352588
1977-01-01,NoDur_excess,ols4_restricted,0.0013555087685831468,-0.00012985866989145833,0.00012985866989145833
1975-04-01,Durbl_excess,elastic_net_restricted,0.003647842665271628,-0.00012971439959508224,0.00012971439959508224
1976-08-01,NoDur_excess,ols_restricted,-0.0247406250119393,0.00012966117168944358,0.00012966117168944358
1976-02-01,NoDur_excess,ols_restricted,-0.02455557412893028,-0.0001292086834709938,0.0001292086834709938
1972-10-01,Manuf_excess,random_forest,0.0007538042410816237,-0.0001277377672773694,0.0001277377672773694
1977-05-01,Other_excess,random_forest,0.015828728051439533,0.00012619556923787467,0.00012619556923787467
1975-02-01,Enrgy_excess,random_forest,0.0033155585046605873,0.00012611007355756154,0.00012611007355756154
1970-08-01,NoDur_excess,elastic_net_restricted,-0.03222830507879082,-0.0001257952685715935,0.0001257952685715935
1976-09-01,Manuf_excess,ols4_restricted,0.016310254323654183,-0.00012568583036964842,0.00012568583036964842
1976-09-01,Manuf_excess,ols_restricted,-0.010248318828973257,-0.00012555569577665793,0.00012555569577665793
1972-12-01,Telcm_excess,elastic_net_restricted,0.014397805302894584,0.00012547777014970674,0.00012547777014970674
1972-03-01,Hlth_excess,ols_restricted,-0.022640558225552,-0.00012509816287242792,0.00012509816287242792
1975-11-01,Enrgy_excess,ols_restricted,0.01130922080270258,0.00012404013131250835,0.00012404013131250835
1977-02-01,Other_excess,ridge_restricted,0.015372355281239147,0.00012394807662485796,0.00012394807662485796
1976-04-01,NoDur_excess,ridge_restricted,0.008642286107237607,-0.0001237307282986322,0.0001237307282986322
1975-08-01,NoDur_excess,ridge_restricted,0.00889070226544697,0.00012345661988144574,0.00012345661988144574
1977-04-01,Manuf_excess,ols_restricted,-0.006717150177314446,0.00012337391364614092,0.00012337391364614092
1977-12-01,NoDur_excess,ols4_restricted,0.001285633190913682,0.0001233658084971445,0.0001233658084971445
1977-11-01,Telcm_excess,random_forest,0.009416294604464248,0.00012303046491091152,0.00012303046491091152
1972-04-01,HiTec_excess,random_forest,0.011322670201250551,0.00012297560087437542,0.00012297560087437542
1975-12-01,Enrgy_excess,ols4_restricted,0.00887803865219361,0.00012283254810396826,0.00012283254810396826
1977-03-01,Durbl_excess,ridge_restricted,0.03504972190980826,-0.0001223028825221295,0.0001223028825221295
1977-04-01,Manuf_excess,elastic_net_restricted,0.003956431693941331,0.00012202853586407159,0.00012202853586407159
1972-12-01,HiTec_excess,ols_restricted,-0.02005464662479528,-0.00012182591295117895,0.00012182591295117895
1975-12-01,Enrgy_excess,ridge_restricted,0.02140177049848624,0.00012178564764553368,0.00012178564764553368
1977-08-01,HiTec_excess,random_forest,0.005977444847841684,-0.00012136976294485624,0.00012136976294485624
1977-06-01,HiTec_excess,ridge_restricted,0.009744463838751272,-0.0001210503027013754,0.0001210503027013754
1975-10-01,Other_excess,ridge_restricted,0.015332067078565048,-0.0001205820578874528,0.0001205820578874528
1972-12-01,Shops_excess,ridge_restricted,-0.015846767435393705,-0.00012007385047518859,0.00012007385047518859
1977-04-01,Manuf_excess,ols4_restricted,0.0198372567280366,0.00012002679835743102,0.00012002679835743102
1975-07-01,HiTec_excess,ridge_restricted,0.011118082973509136,-0.00011961222362255608,0.00011961222362255608
1976-06-01,Durbl_excess,ridge_restricted,0.03609863326269824,-0.00011935714938893227,0.00011935714938893227
1971-06-01,Hlth_excess,ols4_restricted,-0.02863835321169428,-0.00011926823976793344,0.00011926823976793344
1976-07-01,Other_excess,random_forest,0.017236716188121948,-0.00011880650537643422,0.00011880650537643422
1976-01-01,Hlth_excess,elastic_net_restricted,-0.01844140753663792,0.00011807241434702576,0.00011807241434702576
1971-02-01,Manuf_excess,ridge_restricted,0.02390935882004619,-0.00011712804248420472,0.00011712804248420472
1971-07-01,NoDur_excess,ols_restricted,-0.02547049440481186,-0.00011661022999986947,0.00011661022999986947
1970-10-01,NoDur_excess,ols_restricted,-0.018516563365264638,0.00011640544742252956,0.00011640544742252956
1972-04-01,HiTec_excess,ridge_restricted,0.0005881342877842588,0.0001163025824634234,0.0001163025824634234
1976-06-01,Manuf_excess,ridge_restricted,0.019846726741343468,-0.00011614474056431678,0.00011614474056431678
1975-03-01,Durbl_excess,ridge_restricted,0.03856313974354619,0.00011512887035813879,0.00011512887035813879
1976-07-01,NoDur_excess,ols_restricted,-0.024870286183628743,-0.00011473524959648707,0.00011473524959648707
1972-02-01,Durbl_excess,ridge_restricted,0.0193919698588495,0.00011454828178270038,0.00011454828178270038
1975-06-01,Manuf_excess,ridge_restricted,0.022242967284250015,0.0001140850007327332,0.0001140850007327332
1977-08-01,Hlth_excess,random_forest,0.011208670042006763,-0.00011347145779350143,0.00011347145779350143
1970-12-01,Shops_excess,ols4_restricted,-0.02885134260479827,0.00011337792193111262,0.00011337792193111262
1976-01-01,Utils_excess,ridge_restricted,0.005836054942421454,-0.0001132513134998181,0.0001132513134998181
1976-03-01,Durbl_excess,elastic_net_restricted,0.0027302057826806836,0.00011313476246199716,0.00011313476246199716
1977-12-01,Enrgy_excess,elastic_net_restricted,-9.71248830108351e-05,0.00011254521630088554,0.00011254521630088554
1977-12-01,Enrgy_excess,random_forest,0.003129184136249741,0.00011252485976387394,0.00011252485976387394
1975-06-01,Hlth_excess,random_forest,-0.0005389677174734153,-0.00011244541325194923,0.00011244541325194923
1971-08-01,NoDur_excess,ols_restricted,-0.025582613100742835,-0.0001121186959309739,0.0001121186959309739
1972-04-01,NoDur_excess,ridge_restricted,-0.0007256815848977194,-0.00011164537846708456,0.00011164537846708456
1975-05-01,Shops_excess,ols4_restricted,0.007178592737561829,0.00011134380794530774,0.00011134380794530774
1977-07-01,Durbl_excess,elastic_net_restricted,0.003125656343094918,-0.00011017605359531224,0.00011017605359531224
1972-03-01,NoDur_excess,ridge_restricted,-0.0006140362064306348,0.00010998556820673855,0.00010998556820673855
1975-03-01,Other_excess,ols_restricted,-0.017994225038619582,-0.00010945119928207347,0.00010945119928207347
1975-08-01,Enrgy_excess,ridge_restricted,0.022054094335206886,0.00010939936879994505,0.00010939936879994505
1975-11-01,Durbl_excess,random_forest,0.02566245270087064,0.00010857756291249299,0.00010857756291249299
1972-07-01,HiTec_excess,ols4_restricted,-0.01110096479927547,-0.00010856319345653453,0.00010856319345653453
1975-02-01,Hlth_excess,ridge_restricted,0.00014549173933497972,0.0001082869111606044,0.0001082869111606044
1970-08-01,Telcm_excess,ols_restricted,0.04248480668331123,0.00010768483895662317,0.00010768483895662317
1977-11-01,Enrgy_excess,ols4_restricted,0.003327597574117047,0.00010711913688910002,0.00010711913688910002
1975-11-01,Durbl_excess,ols_restricted,-0.013665561419571537,0.00010681588952343724,0.00010681588952343724
1977-06-01,Other_excess,ridge_restricted,0.015442879431229128,0.0001065140336027337,0.0001065140336027337
1972-02-01,Shops_excess,ridge_restricted,-0.016731311015740546,-0.00010601937443777132,0.00010601937443777132
1976-07-01,Enrgy_excess,ols4_restricted,0.007080607030550579,-0.00010584969136984146,0.00010584969136984146
1977-12-01,HiTec_excess,random_forest,0.005367170335479288,0.00010470867792466976,0.00010470867792466976
1971-09-01,Shops_excess,ols4_restricted,-0.020847100532650042,-0.00010458465959128915,0.00010458465959128915
1977-11-01,Shops_excess,ridge_restricted,0.004247263783405231,-0.0001034629445585411,0.0001034629445585411
1976-09-01,Hlth_excess,random_forest,0.00402311288940238,-0.00010343597122430825,0.00010343597122430825
1976-04-01,Other_excess,elastic_net_restricted,-0.016198038528669745,0.0001025564764700615,0.0001025564764700615
1976-08-01,Enrgy_excess,ridge_restricted,0.021091626831586385,-0.00010204092306231871,0.00010204092306231871
1976-01-01,Telcm_excess,ridge_restricted,0.00012523678025277984,0.00010185164899489951,0.00010185164899489951
1975-04-01,HiTec_excess,ridge_restricted,0.011398944402528088,-0.00010125596914567492,0.00010125596914567492
1976-09-01,Manuf_excess,elastic_net_restricted,0.00014054531762119904,-0.00010099138154096021,0.00010099138154096021
1971-07-01,NoDur_excess,ols4_restricted,-0.023881807773152852,-0.0001009824857813868,0.0001009824857813868
1977-12-01,NoDur_excess,ols_restricted,-0.024068907663930883,0.00010051893884677199,0.00010051893884677199
1977-03-01,Utils_excess,random_forest,-0.010758847584650955,0.00010021523694936363,0.00010021523694936363
1972-07-01,Telcm_excess,random_forest,0.005203864056545937,-0.00010010780396818575,0.00010010780396818575
1975-10-01,Hlth_excess,ridge_restricted,0.0001807575512795534,-9.998133350530569e-05,9.998133350530569e-05
1971-04-01,NoDur_excess,ridge_restricted,-0.0015388171824906038,-9.96971618412168e-05,9.96971618412168e-05
1975-01-01,Telcm_excess,ridge_restricted,-2.2807699660676306e-05,-9.950984624251813e-05,9.950984624251813e-05
1971-09-01,Other_excess,random_forest,-0.005945922414928084,9.943493998032515e-05,9.943493998032515e-05
1976-08-01,Hlth_excess,random_forest,0.004126548860626689,-9.922100432624426e-05,9.922100432624426e-05
1972-04-01,Shops_excess,ridge_restricted,-0.016704417131827576,9.86328284704463e-05,9.86328284704463e-05
1977-08-01,Durbl_excess,elastic_net_restricted,0.0032242807902471693,9.862444715225127e-05,9.862444715225127e-05
1975-08-01,Telcm_excess,ridge_restricted,5.377775958859132e-05,9.795025166359217e-05,9.795025166359217e-05
1976-08-01,NoDur_excess,elastic_net_restricted,-0.020266337093172382,-9.722325537375731e-05,9.722325537375731e-05
1975-12-01,Other_excess,random_forest,0.019074512766469764,9.610094028722482e-05,9.610094028722482e-05
1977-12-01,Hlth_excess,ols_restricted,-0.010005504951864141,9.526884027644122e-05,9.526884027644122e-05
1972-03-01,Hlth_excess,ols4_restricted,-0.027708606772174127,-9.519716859762717e-05,9.519716859762717e-05
1970-10-01,NoDur_excess,ridge_restricted,0.002556236411278001,9.498435008770123e-05,9.498435008770123e-05
1977-12-01,Hlth_excess,ols4_restricted,0.0017067457955647347,9.491293803298717e-05,9.491293803298717e-05
1976-11-01,Durbl_excess,elastic_net_restricted,0.0006803567112456665,-9.370291001709052e-05,9.370291001709052e-05
1970-12-01,Enrgy_excess,ridge_restricted,0.04286422585469085,-9.23795827106888e-05,9.23795827106888e-05
1976-04-01,Enrgy_excess,ols_restricted,0.008762185092577979,-9.110558829172888e-05,9.110558829172888e-05
1977-12-01,Enrgy_excess,ridge_restricted,0.02106307885571801,9.041849183921702e-05,9.041849183921702e-05
1977-04-01,Durbl_excess,elastic_net_restricted,0.0029792989642396517,-9.017909242226008e-05,9.017909242226008e-05
1976-04-01,Enrgy_excess,ols4_restricted,0.006927029601820123,-9.01576073781829e-05,9.01576073781829e-05
1971-11-01,HiTec_excess,ridge_restricted,0.004548604015028546,-9.013974430949201e-05,9.013974430949201e-05
1977-05-01,Durbl_excess,ridge_restricted,0.035000100650581234,-9.011666844183086e-05,9.011666844183086e-05
1975-03-01,NoDur_excess,ridge_restricted,0.009085496848963981,8.993115265865104e-05,8.993115265865104e-05
1977-11-01,Manuf_excess,ridge_restricted,0.019212644023562264,-8.967534270454269e-05,8.967534270454269e-05
1971-06-01,Enrgy_excess,elastic_net_restricted,0.0167223768469702,-8.952498236269868e-05,8.952498236269868e-05
1976-11-01,NoDur_excess,random_forest,0.012301491400984355,8.950229453441594e-05,8.950229453441594e-05
1976-11-01,Shops_excess,ols4_restricted,0.003584314481724915,-8.92857382406298e-05,8.92857382406298e-05
1976-02-01,Manuf_excess,random_forest,0.0020783426257727777,8.892455111186859e-05,8.892455111186859e-05
1976-05-01,Manuf_excess,ridge_restricted,0.019962871481907785,-8.891127556476253e-05,8.891127556476253e-05
1970-08-01,NoDur_excess,ridge_restricted,0.0036202632347729358,-8.844425660992083e-05,8.844425660992083e-05
1975-09-01,Enrgy_excess,ridge_restricted,0.02196589397516935,-8.820036003753806e-05,8.820036003753806e-05
1976-02-01,NoDur_excess,ridge_restricted,0.008770585218683347,-8.819532299808586e-05,8.819532299808586e-05
1975-08-01,Manuf_excess,ridge_restricted,0.02181228080662101,8.801311930328737e-05,8.801311930328737e-05
1975-05-01,Other_excess,ridge_restricted,0.015833796384629006,-8.798199555914987e-05,8.798199555914987e-05
1977-09-01,NoDur_excess,ols_restricted,-0.02412927585250957,-8.795306243691847e-05,8.795306243691847e-05
1977-04-01,Telcm_excess,random_forest,0.013108730008458247,-8.696872328883831e-05,8.696872328883831e-05
1977-11-01,Enrgy_excess,ridge_restricted,0.020972660363878792,8.689961963759263e-05,8.689961963759263e-05
1975-06-01,NoDur_excess,ridge_restricted,0.00911355326284824,8.615105701259562e-05,8.615105701259562e-05
1972-09-01,Enrgy_excess,elastic_net_restricted,0.019768551764585585,8.594387946803117e-05,8.594387946803117e-05
1975-11-01,Enrgy_excess,random_forest,0.005861197905411841,-8.578750091270404e-05,8.578750091270404e-05
1976-05-01,Other_excess,ridge_restricted,0.01562906101720518,-8.57281530847187e-05,8.57281530847187e-05
1976-11-01,Durbl_excess,ols_restricted,-0.011040013222549216,8.494576461792747e-05,8.494576461792747e-05
1976-05-01,Enrgy_excess,ols4_restricted,0.00684284913929023,-8.418046252989253e-05,8.418046252989253e-05
1977-02-01,Manuf_excess,ridge_restricted,0.01961493054857555,8.389262240748874e-05,8.389262240748874e-05
1971-09-01,Shops_excess,random_forest,-0.03186892052939472,8.35057030299513e-05,8.35057030299513e-05
1977-12-01,Hlth_excess,elastic_net_restricted,-0.012553170707114258,8.312307007551922e-05,8.312307007551922e-05
1971-09-01,NoDur_excess,ridge_restricted,-0.00016595476156600064,8.22200397554429e-05,8.22200397554429e-05
1972-01-01,Telcm_excess,ols_restricted,0.02657322988624722,-8.168532421382046e-05,8.168532421382046e-05
1975-04-01,Durbl_excess,ols4_restricted,0.05069335448944501,8.16525546881719e-05,8.16525546881719e-05
1977-07-01,Manuf_excess,ridge_restricted,0.019472511046196295,-8.098048297888738e-05,8.098048297888738e-05
1977-05-01,NoDur_excess,ols4_restricted,0.0015095437105496767,8.030364357480835e-05,8.030364357480835e-05
1976-09-01,NoDur_excess,elastic_net_restricted,-0.020186426009260794,7.991108391158797e-05,7.991108391158797e-05
1975-04-01,Hlth_excess,ols_restricted,-0.02393098436966734,7.989178753575743e-05,7.989178753575743e-05
1976-11-01,Enrgy_excess,elastic_net_restricted,-0.002667156936382753,-7.910223589080445e-05,7.910223589080445e-05
1975-07-01,Utils_excess,ridge_restricted,0.006047779422005517,-7.89551955271417e-05,7.89551955271417e-05
1972-12-01,NoDur_excess,ridge_restricted,-0.0003066782242604482,7.891622831435186e-05,7.891622831435186e-05
1976-06-01,Shops_excess,random_forest,-0.008914643354561935,-7.856563883179568e-05,7.856563883179568e-05
1976-06-01,NoDur_excess,ridge_restricted,0.008493277639294083,-7.761109275128408e-05,7.761109275128408e-05
1976-12-01,Durbl_excess,ridge_restricted,0.035781249219643096,-7.75487586059942e-05,7.75487586059942e-05
1975-11-01,HiTec_excess,ridge_restricted,0.010863145773342131,-7.724946840870217e-05,7.724946840870217e-05
1976-09-01,Utils_excess,ols_restricted,-0.033817202943666747,-7.678115788634088e-05,7.678115788634088e-05
1976-02-01,HiTec_excess,elastic_net_restricted,-0.02619628210544911,-7.67542838566726e-05,7.67542838566726e-05
1976-09-01,NoDur_excess,random_forest,0.0136969719431419,7.664733477097396e-05,7.664733477097396e-05
1977-10-01,Shops_excess,ridge_restricted,0.004350726727963772,7.62969541735492e-05,7.62969541735492e-05
1975-02-01,Other_excess,random_forest,0.014394343914177377,7.625891191809231e-05,7.625891191809231e-05
1972-03-01,Shops_excess,random_forest,-0.030332544235116554,7.605222175666171e-05,7.605222175666171e-05
1976-10-01,NoDur_excess,ols_restricted,-0.02463682405241574,7.600151809494804e-05,7.600151809494804e-05
1977-09-01,Other_excess,ridge_restricted,0.015260357416095993,-7.59286598154274e-05,7.59286598154274e-05
1975-02-01,Utils_excess,ols4_restricted,0.040545024949565245,-7.562244110381755e-05,7.562244110381755e-05
1977-05-01,Telcm_excess,random_forest,0.013183978717027478,7.524870856923105e-05,7.524870856923105e-05
1975-05-01,Shops_excess,ridge_restricted,0.005038540322115481,7.522923234892787e-05,7.522923234892787e-05
1972-02-01,Other_excess,elastic_net_restricted,-0.009369051636194614,-7.476120362581717e-05,7.476120362581717e-05
1972-07-01,HiTec_excess,ols_restricted,-0.0156328014134286,7.469741364207749e-05,7.469741364207749e-05
1977-10-01,NoDur_excess,ridge_restricted,0.008294679333444188,-7.432556889397368e-05,7.432556889397368e-05
1971-11-01,Telcm_excess,random_forest,0.003072967544375471,7.425242270053811e-05,7.425242270053811e-05
1977-05-01,Other_excess,ridge_restricted,0.015336365397626395,-7.374510193958184e-05,7.374510193958184e-05
1977-01-01,Utils_excess,ols4_restricted,0.021279055466972507,-7.373063477522646e-05,7.373063477522646e-05
1977-06-01,Utils_excess,elastic_net_restricted,-0.01730709735021696,7.246237846048054e-05,7.246237846048054e-05
1972-12-01,Enrgy_excess,elastic_net_restricted,0.022017860854230187,-7.243484847851978e-05,7.243484847851978e-05
1975-03-01,Durbl_excess,ols_restricted,-0.010207962993335595,-7.243080918084566e-05,7.243080918084566e-05
1977-09-01,NoDur_excess,ols4_restricted,0.0012534167399997909,7.237204109133977e-05,7.237204109133977e-05
1972-07-01,HiTec_excess,elastic_net_restricted,-0.030353077519180705,7.180258730477007e-05,7.180258730477007e-05
1972-03-01,Shops_excess,ridge_restricted,-0.016803049960298022,-7.173894455747565e-05,7.173894455747565e-05
1977-06-01,Durbl_excess,ols4_restricted,0.04192121722282194,7.158850800736971e-05,7.158850800736971e-05
1976-05-01,NoDur_excess,ridge_restricted,0.008570888732045367,-7.139737519223921e-05,7.139737519223921e-05
1976-04-01,Utils_excess,random_forest,-0.013216527655304011,-7.138887112745351e-05,7.138887112745351e-05
1975-10-01,Durbl_excess,random_forest,0.02555387513795815,7.128094966746268e-05,7.128094966746268e-05
1976-08-01,Durbl_excess,ridge_restricted,0.0359806044567369,-7.111535950521386e-05,7.111535950521386e-05
1975-09-01,NoDur_excess,ridge_restricted,0.008961814604325102,7.111233887813206e-05,7.111233887813206e-05
1975-09-01,Enrgy_excess,ols4_restricted,0.00841349754310372,7.019039165301333e-05,7.019039165301333e-05
1976-01-01,NoDur_excess,ols4_restricted,0.0025723453606782964,-6.991096617015025e-05,6.991096617015025e-05
1977-12-01,Other_excess,random_forest,0.013873533176689157,-6.982991962722895e-05,6.982991962722895e-05
1977-05-01,Durbl_excess,random_forest,0.02481510576798629,-6.980420490310113e-05,6.980420490310113e-05
1970-02-01,HiTec_excess,ridge_restricted,0.0023017167466486965,6.967669115842678e-05,6.967669115842678e-05
1977-05-01,Manuf_excess,ridge_restricted,0.019582498768328516,-6.960253932797311e-05,6.960253932797311e-05
1972-10-01,Shops_excess,random_forest,-0.02744822250603618,6.930571093555216e-05,6.930571093555216e-05
1975-09-01,Hlth_excess,ridge_restricted,0.0002807388847848591,6.915773790694413e-05,6.915773790694413e-05
1977-02-01,NoDur_excess,ridge_restricted,0.008383692754650451,6.900792995878646e-05,6.900792995878646e-05
1972-06-01,Enrgy_excess,elastic_net_restricted,0.017565679688384517,-6.888664956561374e-05,6.888664956561374e-05
1972-11-01,Shops_excess,elastic_net_restricted,-0.0181882021241786,-6.877105973601694e-05,6.877105973601694e-05
1975-04-01,Durbl_excess,ridge_restricted,0.038631829628051895,6.868988450570157e-05,6.868988450570157e-05
1976-02-01,Durbl_excess,ridge_restricted,0.036578947437455045,6.845022481893892e-05,6.845022481893892e-05
1972-07-01,HiTec_excess,ridge_restricted,0.000928002895251856,6.8447928768256e-05,6.8447928768256e-05
1976-11-01,Enrgy_excess,ols4_restricted,0.006599612426261503,-6.84456248045695e-05,6.84456248045695e-05
1977-12-01,Manuf_excess,elastic_net_restricted,0.007905002660473781,6.827203704717899e-05,6.827203704717899e-05
1975-10-01,Utils_excess,ridge_restricted,0.005959742062404794,-6.80851003913574e-05,6.80851003913574e-05
1972-05-01,NoDur_excess,ridge_restricted,-0.0006578937384671413,6.778784643057811e-05,6.778784643057811e-05
1977-08-01,Shops_excess,ridge_restricted,0.004249067658643191,-6.776294250199211e-05,6.776294250199211e-05
1977-07-01,Other_excess,ridge_restricted,0.015375171000458154,-6.77084307709741e-05,6.77084307709741e-05
1971-07-01,Durbl_excess,ols4_restricted,0.022534658631846338,-6.710270026577536e-05,6.710270026577536e-05
1976-11-01,Hlth_excess,ridge_restricted,0.00026609398516908023,6.705050721844685e-05,6.705050721844685e-05
1972-12-01,Manuf_excess,ridge_restricted,0.016891882972201788,6.654298212505072e-05,6.654298212505072e-05
1972-02-01,Hlth_excess,ols4_restricted,-0.0276134096035765,6.49381422035411e-05,6.49381422035411e-05
1972-09-01,Hlth_excess,ols4_restricted,-0.027190635991921397,6.4899054068146e-05,6.4899054068146e-05
1975-09-01,HiTec_excess,ridge_restricted,0.011312435762785844,6.39778302409244e-05,6.39778302409244e-05
1976-04-01,Enrgy_excess,ridge_restricted,0.02178024135348189,6.369899840896753e-05,6.369899840896753e-05
1975-05-01,Telcm_excess,ridge_restricted,-1.43818460949241e-05,-6.351583763797297e-05,6.351583763797297e-05
1977-03-01,Shops_excess,ridge_restricted,0.004427457478135444,6.347093536152038e-05,6.347093536152038e-05
1975-08-01,Shops_excess,ols4_restricted,0.00617159451494953,6.347088732805428e-05,6.347088732805428e-05
1977-06-01,Hlth_excess,ridge_restricted,0.0003039682011510836,-6.345053572820447e-05,6.345053572820447e-05
1972-05-01,Shops_excess,ridge_restricted,-0.016767762651230367,-6.334551940279098e-05,6.334551940279098e-05
1976-03-01,Telcm_excess,ols_restricted,0.016635858681576576,6.325621905067802e-05,6.325621905067802e-05
1976-11-01,NoDur_excess,ols4_restricted,0.0017223520241338441,-6.245589613895763e-05,6.245589613895763e-05
1976-11-01,Shops_excess,ridge_restricted,0.004602610161282827,-6.241386019234518e-05,6.241386019234518e-05
1975-12-01,HiTec_excess,ridge_restricted,0.010925356622764504,6.221084942237276e-05,6.221084942237276e-05
1977-08-01,NoDur_excess,ols4_restricted,0.001181044698908451,6.202417207279431e-05,6.202417207279431e-05
1972-08-01,NoDur_excess,ols4_restricted,-0.021220514753011344,6.201122771098966e-05,6.201122771098966e-05
1972-04-01,HiTec_excess,ols4_restricted,-0.011526301290222696,6.175058899149377e-05,6.175058899149377e-05
1972-05-01,Shops_excess,random_forest,-0.030262779554341757,-6.102396932861076e-05,6.102396932861076e-05
1975-06-01,Shops_excess,ridge_restricted,0.005099437367267923,6.089704515244154e-05,6.089704515244154e-05
1977-07-01,Utils_excess,elastic_net_restricted,-0.017367532429897192,-6.0435079680232207e-05,6.0435079680232207e-05
1972-11-01,HiTec_excess,elastic_net_restricted,-0.03206774250190736,6.0239269868089806e-05,6.0239269868089806e-05
1971-11-01,Shops_excess,ridge_restricted,-0.01704005303394962,5.9710230553067234e-05,5.9710230553067234e-05
1976-12-01,Utils_excess,ridge_restricted,0.005648166185188375,-5.9624010212977474e-05,5.9624010212977474e-05
1972-12-01,Enrgy_excess,ridge_restricted,0.03389073501206208,-5.88218388606343e-05,5.88218388606343e-05
1975-08-01,Shops_excess,ridge_restricted,0.00476587731085365,5.8466265489998115e-05,5.8466265489998115e-05
1975-03-01,HiTec_excess,ols4_restricted,0.023510921642003968,-5.713691282183131e-05,5.713691282183131e-05
1971-06-01,Hlth_excess,elastic_net_restricted,-0.04867264431861695,-5.7122487962635304e-05,5.7122487962635304e-05
1972-10-01,Other_excess,ridge_restricted,0.006055120232553501,-5.654584143743868e-05,5.654584143743868e-05
1972-06-01,Hlth_excess,ols4_restricted,-0.027478148885807796,5.627995420720566e-05,5.627995420720566e-05
1977-12-01,Durbl_excess,ridge_restricted,0.034509811802653556,-5.626327615471105e-05,5.626327615471105e-05
1977-09-01,Manuf_excess,ridge_restricted,0.01944719926212979,-5.596937250784695e-05,5.596937250784695e-05
1975-03-01,HiTec_excess,ols_restricted,-0.02100376451621999,-5.581117728814533e-05,5.581117728814533e-05
1975-03-01,HiTec_excess,elastic_net_restricted,-0.021444767259196862,-5.5798043353094684e-05,5.5798043353094684e-05
1975-11-01,Durbl_excess,elastic_net_restricted,0.00029192647747489087,-5.5625671025683054e-05,5.5625671025683054e-05
1972-07-01,Hlth_excess,random_forest,-0.016490823789368614,-5.5577119746130776e-05,5.5577119746130776e-05
1976-03-01,Shops_excess,ridge_restricted,0.0052504499158059215,5.4786923284200206e-05,5.4786923284200206e-05
1975-05-01,NoDur_excess,ridge_restricted,0.009027402205835644,-5.459786897610286e-05,5.459786897610286e-05
1975-09-01,Telcm_excess,ridge_restricted,0.00010768471848054961,5.390695889195829e-05,5.390695889195829e-05
1975-05-01,Telcm_excess,random_forest,0.01022682680584952,-5.3527838952960316e-05,5.3527838952960316e-05
1972-07-01,HiTec_excess,random_forest,0.012205769469533556,5.347493055862795e-05,5.347493055862795e-05
1977-04-01,NoDur_excess,ols_restricted,-0.02398107396805238,5.3045720445288325e-05,5.3045720445288325e-05
1977-09-01,Enrgy_excess,ols4_restricted,0.0035615855461189616,-5.214315502344302e-05,5.214315502344302e-05
1976-10-01,Shops_excess,ols4_restricted,0.003673600219965545,5.172069815528868e-05,5.172069815528868e-05
1977-03-01,NoDur_excess,ols4_restricted,0.0014093923467695113,5.167549852058695e-05,5.167549852058695e-05
1977-12-01,Manuf_excess,ols_restricted,-0.001667148024202314,5.1442719056327135e-05,5.1442719056327135e-05
1976-08-01,Enrgy_excess,elastic_net_restricted,-0.0028480247352922206,-5.123717665922456e-05,5.123717665922456e-05
1976-03-01,Telcm_excess,ols4_restricted,0.020006334634194767,5.05622480654333e-05,5.05622480654333e-05
1975-05-01,Durbl_excess,ols4_restricted,0.05074385250632185,5.049801687684319e-05,5.049801687684319e-05
1976-05-01,Enrgy_excess,ridge_restricted,0.0218307044817605,5.046312827861055e-05,5.046312827861055e-05
1977-12-01,Enrgy_excess,ols_restricted,0.009789707590504015,5.027107573019052e-05,5.027107573019052e-05
1977-06-01,Durbl_excess,elastic_net_restricted,0.0032358323966902303,5.006282000841189e-05,5.006282000841189e-05
1976-10-01,Telcm_excess,elastic_net_restricted,0.012227998680507168,4.968142735750636e-05,4.968142735750636e-05
1977-12-01,Manuf_excess,ols4_restricted,0.024242301145983025,4.9655057454134344e-05,4.9655057454134344e-05
1977-07-01,Telcm_excess,ols_restricted,0.015229521858789008,-4.956446179438245e-05,4.956446179438245e-05
1976-10-01,Durbl_excess,ridge_restricted,0.03589537000483645,-4.954642063859094e-05,4.954642063859094e-05
1976-04-01,Utils_excess,ols_restricted,-0.03188457608013806,4.94516217615093e-05,4.94516217615093e-05
1972-08-01,Manuf_excess,elastic_net_restricted,0.0112592437400858,-4.9064277815924484e-05,4.9064277815924484e-05
1976-09-01,Other_excess,ols4_restricted,0.010619674528161482,-4.858784704153685e-05,4.858784704153685e-05
1971-02-01,Hlth_excess,ols4_restricted,-0.028279399815189565,-4.8502079672996246e-05,4.8502079672996246e-05
1976-03-01,Utils_excess,random_forest,-0.013145138784176558,4.8073496131451066e-05,4.8073496131451066e-05
1977-02-01,Shops_excess,ridge_restricted,0.004363986542773923,4.800478286604015e-05,4.800478286604015e-05
1976-03-01,NoDur_excess,ols4_restricted,0.0021311780385233625,-4.7982701628312974e-05,4.7982701628312974e-05
1976-07-01,NoDur_excess,random_forest,0.014246025959304909,4.786209022500376e-05,4.786209022500376e-05
1976-12-01,Other_excess,ols_restricted,-0.017574619347987097,-4.733035723614165e-05,4.733035723614165e-05
1975-04-01,Telcm_excess,ridge_restricted,4.913399154304887e-05,4.721524508000119e-05,4.721524508000119e-05
1975-04-01,Other_excess,ridge_restricted,0.015921778380188156,4.7052018138815654e-05,4.7052018138815654e-05
1977-01-01,HiTec_excess,ridge_restricted,0.009819791986375948,-4.6945543564547165e-05,4.6945543564547165e-05
1975-11-01,Shops_excess,ols4_restricted,0.0053975598779735234,4.69207577906694e-05,4.69207577906694e-05
1976-07-01,Durbl_excess,ridge_restricted,0.03605171981624211,-4.69134464561316e-05,4.69134464561316e-05
1976-04-01,Durbl_excess,random_forest,0.02803194375856044,4.5806384931346145e-05,4.5806384931346145e-05
1975-08-01,Hlth_excess,ridge_restricted,0.00021158114687791496,4.5481665741808897e-05,4.5481665741808897e-05
1977-02-01,Shops_excess,ols4_restricted,0.002982477627728075,-4.534378837839359e-05,4.534378837839359e-05
1975-04-01,Shops_excess,ols4_restricted,0.007067248929616521,4.5288511275831667e-05,4.5288511275831667e-05
1976-03-01,Manuf_excess,random_forest,0.0020332659949851006,-4.50766307876771e-05,4.50766307876771e-05
1976-06-01,Telcm_excess,ridge_restricted,9.423642593453518e-05,-4.462795655579832e-05,4.462795655579832e-05
1977-07-01,NoDur_excess,random_forest,0.015884710448480943,-4.428180393500902e-05,4.428180393500902e-05
1971-02-01,Durbl_excess,ols4_restricted,0.022870654180322747,4.425281161135608e-05,4.425281161135608e-05
1977-09-01,Utils_excess,ols_restricted,-0.03108887702623986,4.412463473468797e-05,4.412463473468797e-05
1976-11-01,Telcm_excess,elastic_net_restricted,0.01227190789755328,4.390921704611195e-05,4.390921704611195e-05
1972-10-01,Shops_excess,ridge_restricted,-0.014505260276294507,4.35906257847396e-05,4.35906257847396e-05
1977-04-01,Telcm_excess,elastic_net_restricted,0.012729181856350302,-4.340349969833568e-05,4.340349969833568e-05
1972-10-01,Other_excess,random_forest,-0.004247173530863124,-4.307472478481955e-05,4.307472478481955e-05
1976-09-01,Shops_excess,elastic_net_restricted,-0.009574851855624011,-4.2870428637487024e-05,4.2870428637487024e-05
1975-11-01,Telcm_excess,ridge_restricted,3.586915005016067e-06,4.245218249310234e-05,4.245218249310234e-05
1977-06-01,Utils_excess,ridge_restricted,0.0055654335375023845,-4.2161182117084195e-05,4.2161182117084195e-05
1977-12-01,Other_excess,ols_restricted,-0.01782520453160341,4.2143903218549994e-05,4.2143903218549994e-05
1977-03-01,Manuf_excess,ridge_restricted,0.01965682306503025,4.189251645470016e-05,4.189251645470016e-05
1976-02-01,Utils_excess,ridge_restricted,0.005794163056204615,-4.189188621683826e-05,4.189188621683826e-05
1972-01-01,Shops_excess,ridge_restricted,-0.016625291641302775,4.161829497273395e-05,4.161829497273395e-05
1972-02-01,HiTec_excess,random_forest,0.01122573976953456,-4.131619416691823e-05,4.131619416691823e-05
1977-12-01,Other_excess,ols4_restricted,0.009506706191552805,4.1304974060962785e-05,4.1304974060962785e-05
1971-04-01,Telcm_excess,random_forest,-0.009836730359652046,-4.0659721757485556e-05,4.0659721757485556e-05
1975-06-01,Hlth_excess,ols4_restricted,-0.0022897207579433143,-4.050534378641224e-05,4.050534378641224e-05
1977-04-01,Durbl_excess,ridge_restricted,0.035090217319023065,4.0495409214802436e-05,4.0495409214802436e-05
1977-12-01,Shops_excess,ridge_restricted,0.004287668535921885,4.0404752516653986e-05,4.0404752516653986e-05
1977-10-01,HiTec_excess,ridge_restricted,0.009679324256460009,-4.0298810137673335e-05,4.0298810137673335e-05
1976-11-01,Enrgy_excess,ridge_restricted,0.021083388734208564,-4.0108249499071214e-05,4.0108249499071214e-05
1976-12-01,Telcm_excess,ridge_restricted,0.00012873226899801082,4.006861020966479e-05,4.006861020966479e-05
1977-05-01,Telcm_excess,elastic_net_restricted,0.012769188512030127,4.000665567982509e-05,4.000665567982509e-05
1972-10-01,Manuf_excess,ridge_restricted,0.01841311856853245,-3.990896823935497e-05,3.990896823935497e-05
1977-02-01,Durbl_excess,ridge_restricted,0.03517202479233039,-3.967935319615368e-05,3.967935319615368e-05
1976-03-01,Manuf_excess,ols4_restricted,0.014139073086810505,-3.959308222833968e-05,3.959308222833968e-05
1976-04-01,Utils_excess,ols4_restricted,0.028873836476946635,3.952399238549287e-05,3.952399238549287e-05
1977-09-01,Other_excess,elastic_net_restricted,-0.015895137727441666,-3.905535030601648e-05,3.905535030601648e-05
1977-08-01,Other_excess,ridge_restricted,0.01533628607591142,-3.888492454673376e-05,3.888492454673376e-05
1977-04-01,NoDur_excess,random_forest,0.013663600775139617,-3.875943858444586e-05,3.875943858444586e-05
1976-10-01,NoDur_excess,ridge_restricted,0.008449849972001933,-3.856666940416087e-05,3.856666940416087e-05
1976-04-01,Durbl_excess,ols4_restricted,0.04875067682080336,3.8429985056542826e-05,3.8429985056542826e-05
1971-06-01,Enrgy_excess,ridge_restricted,0.0438981623025666,-3.8304361629548644e-05,3.8304361629548644e-05
1977-04-01,Other_excess,ridge_restricted,0.015410110499565977,3.792039199779218e-05,3.792039199779218e-05
1971-06-01,Shops_excess,random_forest,-0.03434542571209498,3.7519450902356866e-05,3.7519450902356866e-05
1976-09-01,Manuf_excess,random_forest,5.344875264490234e-05,-3.7464958618671496e-05,3.7464958618671496e-05
1976-08-01,Other_excess,ridge_restricted,0.015386203256872455,-3.735919270186905e-05,3.735919270186905e-05
1975-12-01,Hlth_excess,ridge_restricted,0.00020293149597772064,3.6911066490952216e-05,3.6911066490952216e-05
1977-02-01,Utils_excess,ridge_restricted,0.00561137679644208,-3.672403368304433e-05,3.672403368304433e-05
1976-11-01,Durbl_excess,ridge_restricted,0.03585879797824909,-3.657202658735592e-05,3.657202658735592e-05
1977-04-01,Hlth_excess,ridge_restricted,0.00034515864777096006,3.6315588200941384e-05,3.6315588200941384e-05
1977-09-01,Durbl_excess,ols4_restricted,0.041632865547112874,-3.617975153469288e-05,3.617975153469288e-05
1977-08-01,Utils_excess,ridge_restricted,0.005529170665695582,-3.617026061364381e-05,3.617026061364381e-05
1976-09-01,Durbl_excess,ridge_restricted,0.03594491642547504,-3.5688031261860154e-05,3.5688031261860154e-05
1976-07-01,HiTec_excess,ridge_restricted,0.009875341738181165,3.558631494349207e-05,3.558631494349207e-05
1971-09-01,Shops_excess,ridge_restricted,-0.018666205802318814,3.531610836948751e-05,3.531610836948751e-05
1976-10-01,Telcm_excess,random_forest,0.012365577003832784,3.5251601554597833e-05,3.5251601554597833e-05
1977-10-01,Utils_excess,ridge_restricted,0.005492483467323006,-3.52199206792303e-05,3.52199206792303e-05
1976-09-01,Other_excess,ols_restricted,-0.01749874454772682,-3.497935260710072e-05,3.497935260710072e-05
1977-12-01,Enrgy_excess,ols4_restricted,0.0033623720263742385,3.4774452257191335e-05,3.4774452257191335e-05
1977-04-01,Manuf_excess,random_forest,-0.00035651807892800313,3.4428380575102224e-05,3.4428380575102224e-05
1975-03-01,Other_excess,random_forest,0.014360000906558312,-3.434300761906428e-05,3.434300761906428e-05
1972-12-01,Manuf_excess,random_forest,-0.0020622336984352785,3.4305177726512426e-05,3.4305177726512426e-05
1976-12-01,Shops_excess,ridge_restricted,0.004636781196963202,3.417103568037483e-05,3.417103568037483e-05
1976-12-01,Manuf_excess,ridge_restricted,0.019865046992586177,-3.4080314376350174e-05,3.4080314376350174e-05
1971-10-01,NoDur_excess,random_forest,0.0053622340914776245,3.362325239564257e-05,3.362325239564257e-05
1977-07-01,Utils_excess,ols4_restricted,0.019799718042099124,-3.340331446211042e-05,3.340331446211042e-05
1971-11-01,HiTec_excess,ols_restricted,-0.008563611082399225,-3.3219036663423296e-05,3.3219036663423296e-05
1975-08-01,Other_excess,ridge_restricted,0.015472581769389593,3.301571724445562e-05,3.301571724445562e-05
1976-09-01,Other_excess,random_forest,0.01671392403476535,-3.299623120833761e-05,3.299623120833761e-05
1976-07-01,Shops_excess,ridge_restricted,0.0046637424225092206,3.275526966739495e-05,3.275526966739495e-05
1975-04-01,Shops_excess,ridge_restricted,0.004963311089766553,3.245925070605171e-05,3.245925070605171e-05
1976-11-01,Manuf_excess,ridge_restricted,0.019899127306962527,3.2382668042396645e-05,3.2382668042396645e-05
1976-03-01,Hlth_excess,ridge_restricted,0.00016475151442907343,-3.226517249244054e-05,3.226517249244054e-05
1975-12-01,Manuf_excess,ridge_restricted,0.02128979196980285,3.2210513860264633e-05,3.2210513860264633e-05
1976-03-01,HiTec_excess,ridge_restricted,0.010136110795186393,-3.216855733212398e-05,3.216855733212398e-05
1976-10-01,Utils_excess,elastic_net_restricted,-0.02053411996390908,-3.2092332765465414e-05,3.2092332765465414e-05
1977-01-01,Hlth_excess,ridge_restricted,0.00027455175416635225,3.207023004159204e-05,3.207023004159204e-05
1977-02-01,HiTec_excess,ridge_restricted,0.009851764206244895,3.1972219868947604e-05,3.1972219868947604e-05
1975-09-01,Durbl_excess,ridge_restricted,0.038283967344861614,3.176226732370946e-05,3.176226732370946e-05
1971-11-01,Other_excess,random_forest,-0.004776786153862345,-3.15291760031311e-05,3.15291760031311e-05
1977-09-01,HiTec_excess,ridge_restricted,0.009719623066597682,-3.1504599296572344e-05,3.1504599296572344e-05
1975-12-01,Manuf_excess,random_forest,0.0012971887877414323,3.126420373156247e-05,3.126420373156247e-05
1975-11-01,Durbl_excess,ols4_restricted,0.04846398032209487,3.118043747563082e-05,3.118043747563082e-05
1977-08-01,Durbl_excess,ridge_restricted,0.03481141744495131,-3.101382945014386e-05,3.101382945014386e-05
1977-08-01,Manuf_excess,ridge_restricted,0.019503168634637635,3.06575884413407e-05,3.06575884413407e-05
1975-11-01,Hlth_excess,elastic_net_restricted,-0.021239712243801057,-3.060591410530833e-05,3.060591410530833e-05
1977-06-01,Enrgy_excess,ols_restricted,0.01000217099574141,3.0172948756512774e-05,3.0172948756512774e-05
1975-07-01,Telcm_excess,ridge_restricted,-4.4172492075000847e-05,-3.0010711277839164e-05,3.0010711277839164e-05
1975-12-01,Other_excess,ridge_restricted,0.015496163483574299,2.9961135107337e-05,2.9961135107337e-05
1972-10-01,Manuf_excess,elastic_net_restricted,0.011249130374911376,-2.9940415274043453e-05,2.9940415274043453e-05
1976-11-01,NoDur_excess,elastic_net_restricted,-0.02061916000899422,-2.9728805365225597e-05,2.9728805365225597e-05
1971-11-01,HiTec_excess,random_forest,0.014797374535284513,2.9603632971886285e-05,2.9603632971886285e-05
1976-04-01,Hlth_excess,random_forest,0.005870855533085417,-2.955824769790283e-05,2.955824769790283e-05
1977-09-01,Durbl_excess,random_forest,0.024420467809798452,-2.929248885452651e-05,2.929248885452651e-05
1976-04-01,Utils_excess,elastic_net_restricted,-0.0197171181983562,2.9209029798860087e-05,2.9209029798860087e-05
1975-11-01,Durbl_excess,ridge_restricted,0.03741893781505001,2.915083756516168e-05,2.915083756516168e-05
1977-06-01,Manuf_excess,ridge_restricted,0.019553491529175182,-2.9007239153333586e-05,2.9007239153333586e-05
1975-03-01,HiTec_excess,random_forest,0.013864353295390042,2.8997633258587285e-05,2.8997633258587285e-05
1977-12-01,Other_excess,ridge_restricted,0.014995719500832339,-2.8853698439856856e-05,2.8853698439856856e-05
1975-02-01,Telcm_excess,ridge_restricted,5.985641124195418e-06,2.8793340784871724e-05,2.8793340784871724e-05
1977-03-01,Shops_excess,ols4_restricted,0.00301090479472077,2.8427166992694985e-05,2.8427166992694985e-05
1970-02-01,Telcm_excess,ridge_restricted,4.24999828677608e-05,-2.8299726661629165e-05,2.8299726661629165e-05
1977-05-01,NoDur_excess,ridge_restricted,0.008369819803069722,-2.8290301366751258e-05,2.8290301366751258e-05
1975-04-01,Manuf_excess,ridge_restricted,0.022117884088107997,-2.821368846450678e-05,2.821368846450678e-05
1976-09-01,NoDur_excess,ols4_restricted,0.0016168525879191042,-2.8107828467849316e-05,2.8107828467849316e-05
1972-12-01,Shops_excess,random_forest,-0.029249595006598295,-2.8057380304646884e-05,2.8057380304646884e-05
1976-08-01,NoDur_excess,ols4_restricted,0.0016449604163869536,2.7915073969153603e-05,2.7915073969153603e-05
1976-09-01,NoDur_excess,ols_restricted,-0.024712825570510688,2.7799441428610905e-05,2.7799441428610905e-05
1976-03-01,Durbl_excess,ridge_restricted,0.03660659954229262,2.765210483757219e-05,2.765210483757219e-05
1976-10-01,Hlth_excess,ridge_restricted,0.00019904347795063337,2.7496142868677076e-05,2.7496142868677076e-05
1975-06-01,Hlth_excess,elastic_net_restricted,-0.024428643980234144,2.7196131365814225e-05,2.7196131365814225e-05
1977-10-01,Telcm_excess,ridge_restricted,0.00017773127389009158,2.712460287135343e-05,2.712460287135343e-05
1976-04-01,HiTec_excess,ridge_restricted,0.010108999039766364,-2.7111755420028416e-05,2.7111755420028416e-05
1975-09-01,Durbl_excess,random_forest,0.025482594188290686,-2.6750524759977523e-05,2.6750524759977523e-05
1975-12-01,Shops_excess,ridge_restricted,0.004624976064700248,-2.6243739103648522e-05,2.6243739103648522e-05
1977-12-01,Other_excess,elastic_net_restricted,-0.0162245025543728,2.6138797887043097e-05,2.6138797887043097e-05
1972-03-01,HiTec_excess,random_forest,0.011199694600376175,-2.6045169158384063e-05,2.6045169158384063e-05
1971-04-01,Enrgy_excess,elastic_net_restricted,0.009916150767631637,-2.5934933612581368e-05,2.5934933612581368e-05
1977-03-01,Hlth_excess,ridge_restricted,0.0003088430595700187,2.57314854608115e-05,2.57314854608115e-05
1970-07-01,Telcm_excess,ridge_restricted,6.947285930292146e-05,-2.5705436833445283e-05,2.5705436833445283e-05
1977-11-01,Hlth_excess,ridge_restricted,0.00031382894016929175,-2.5500477705442393e-05,2.5500477705442393e-05
1977-09-01,Shops_excess,ridge_restricted,0.004274429773790223,2.5362115147031794e-05,2.5362115147031794e-05
1976-04-01,Durbl_excess,ols_restricted,-0.008882607316194946,-2.5293072948517903e-05,2.5293072948517903e-05
1977-11-01,HiTec_excess,ridge_restricted,0.009654153317984582,-2.5170938475427285e-05,2.5170938475427285e-05
1971-03-01,Telcm_excess,random_forest,-0.00979607063789456,2.5076179871685866e-05,2.5076179871685866e-05
1976-07-01,NoDur_excess,ols4_restricted,0.0016170453424178,-2.4913490584532738e-05,2.4913490584532738e-05
1975-06-01,Hlth_excess,ols_restricted,-0.02529577378151937,2.4719261350503174e-05,2.4719261350503174e-05
1977-11-01,NoDur_excess,ridge_restricted,0.008270127155640461,-2.4552177803727204e-05,2.4552177803727204e-05
1977-05-01,Utils_excess,random_forest,-0.010540587040732907,-2.449508699631231e-05,2.449508699631231e-05
1970-06-01,Telcm_excess,ridge_restricted,9.517829613636675e-05,2.3957948607100654e-05,2.3957948607100654e-05
1975-10-01,Enrgy_excess,ridge_restricted,0.021942087712330638,-2.3806262838710346e-05,2.3806262838710346e-05
1976-07-01,Other_excess,ridge_restricted,0.015423562449574324,-2.375153870259883e-05,2.375153870259883e-05
1976-12-01,Hlth_excess,ridge_restricted,0.0002424815241247602,-2.361246104432002e-05,2.361246104432002e-05
1977-04-01,NoDur_excess,elastic_net_restricted,-0.019368633125635082,2.3505668408363434e-05,2.3505668408363434e-05
1976-08-01,Shops_excess,ols4_restricted,0.0036220589927343783,-2.338668472401384e-05,2.338668472401384e-05
1976-06-01,Utils_excess,ridge_restricted,0.005758309362480674,-2.3350010068590166e-05,2.3350010068590166e-05
1977-07-01,NoDur_excess,ols_restricted,-0.024223318126911142,-2.3343073985993e-05,2.3343073985993e-05
1977-07-01,Hlth_excess,ridge_restricted,0.0003272263048027524,2.3258103651668804e-05,2.3258103651668804e-05
1977-12-01,Durbl_excess,elastic_net_restricted,0.0027817807303982534,2.3026003742043777e-05,2.3026003742043777e-05
1976-04-01,Durbl_excess,ridge_restricted,0.03662949737798449,2.289783569187076e-05,2.289783569187076e-05
1977-09-01,NoDur_excess,ridge_restricted,0.008369004902338162,-2.273701167232467e-05,2.273701167232467e-05
1977-06-01,NoDur_excess,ridge_restricted,0.008392485741128608,2.2665938058885615e-05,2.2665938058885615e-05
1976-04-01,Enrgy_excess,elastic_net_restricted,-0.0005066546679117767,2.2485900958768568e-05,2.2485900958768568e-05
1977-06-01,Durbl_excess,ridge_restricted,0.03502246586996016,2.2365219378928103e-05,2.2365219378928103e-05
1977-08-01,Durbl_excess,ols4_restricted,0.04166904529864757,-2.2332589157403326e-05,2.2332589157403326e-05
1977-12-01,NoDur_excess,ridge_restricted,0.008247858863305702,-2.2268292334759465e-05,2.2268292334759465e-05
1977-05-01,Hlth_excess,ridge_restricted,0.00036741873687928805,2.2260089108327996e-05,2.2260089108327996e-05
1976-09-01,Shops_excess,ols_restricted,-0.01422028446697099,2.2174414126219233e-05,2.2174414126219233e-05
1977-03-01,NoDur_excess,ridge_restricted,0.008405746538681536,2.2053784031084156e-05,2.2053784031084156e-05
1977-03-01,Durbl_excess,random_forest,0.02474156721009413,-2.2036490923915686e-05,2.2036490923915686e-05
1975-12-01,Utils_excess,random_forest,-0.016192068551008187,-2.1924282116891902e-05,2.1924282116891902e-05
1976-09-01,HiTec_excess,ridge_restricted,0.00987403897767769,-2.191646940152836e-05,2.191646940152836e-05
1976-07-01,Telcm_excess,random_forest,0.011095346856621946,2.176714218782294e-05,2.176714218782294e-05
1976-10-01,Manuf_excess,ridge_restricted,0.01986674463892013,2.1621657717685316e-05,2.1621657717685316e-05
1975-01-01,Hlth_excess,elastic_net_restricted,-0.03065021753880104,2.1602784298746514e-05,2.1602784298746514e-05
1977-03-01,HiTec_excess,ridge_restricted,0.009873257017959824,2.149281171492934e-05,2.149281171492934e-05
1972-07-01,Manuf_excess,ols_restricted,0.009482923541148547,2.1322409817225996e-05,2.1322409817225996e-05
1977-05-01,Shops_excess,ridge_restricted,0.00443233987740832,2.105185325795844e-05,2.105185325795844e-05
1972-04-01,Hlth_excess,random_forest,-0.015677312249046338,2.094602388580391e-05,2.094602388580391e-05
1976-08-01,HiTec_excess,ridge_restricted,0.009895955447079219,2.061370889805403e-05,2.061370889805403e-05
1975-04-01,Hlth_excess,ols4_restricted,-0.0019211761775694836,2.0588619290995425e-05,2.0588619290995425e-05
1976-04-01,Durbl_excess,elastic_net_restricted,0.0027507032876267212,2.0497504946037637e-05,2.0497504946037637e-05
1970-03-01,Hlth_excess,ridge_restricted,2.853422481297052e-06,2.025935314187155e-05,2.025935314187155e-05
1976-03-01,NoDur_excess,elastic_net_restricted,-0.019074548760252164,2.013149082569221e-05,2.013149082569221e-05
1975-09-01,Other_excess,ridge_restricted,0.015452649136452501,-1.993263293709191e-05,1.993263293709191e-05
1977-04-01,NoDur_excess,ols4_restricted,0.0014292400669748684,1.9847720205357078e-05,1.9847720205357078e-05
1972-09-01,Manuf_excess,elastic_net_restricted,0.01127907079018542,1.9827050099618937e-05,1.9827050099618937e-05
1972-03-01,HiTec_excess,ridge_restricted,0.0004718317053208354,1.982567336222818e-05,1.982567336222818e-05
1975-12-01,Telcm_excess,ridge_restricted,2.338513125788033e-05,1.9798216252864265e-05,1.9798216252864265e-05
1977-08-01,Telcm_excess,ridge_restricted,0.00013410862554719127,1.9759581901701573e-05,1.9759581901701573e-05
1977-08-01,NoDur_excess,elastic_net_restricted,-0.0189151819920943,1.9688457398414627e-05,1.9688457398414627e-05
1977-04-01,HiTec_excess,ridge_restricted,0.009853729502636632,-1.952751532319219e-05,1.952751532319219e-05
1975-06-01,NoDur_excess,ols4_restricted,0.005122549544728239,1.9304429768163267e-05,1.9304429768163267e-05
1976-12-01,Shops_excess,ols4_restricted,0.003603597139983372,1.9282658258457097e-05,1.9282658258457097e-05
1976-06-01,Hlth_excess,ridge_restricted,0.0001760222682007928,-1.926010139108314e-05,1.926010139108314e-05
1976-09-01,Utils_excess,ridge_restricted,0.005724154342154897,-1.9149305536481087e-05,1.9149305536481087e-05
1976-07-01,Telcm_excess,elastic_net_restricted,0.011262569440278813,1.9136365845828784e-05,1.9136365845828784e-05
1977-07-01,NoDur_excess,ols4_restricted,0.0011190205268356568,-1.89855565138064e-05,1.89855565138064e-05
1971-05-01,Hlth_excess,ols_restricted,-0.035764573106148445,1.8970070265078576e-05,1.8970070265078576e-05
1972-10-01,Hlth_excess,ols4_restricted,-0.02720924200216146,-1.8606010240063142e-05,1.8606010240063142e-05
1976-05-01,Hlth_excess,ridge_restricted,0.00019528236959187595,1.8579251596539947e-05,1.8579251596539947e-05
1977-11-01,Utils_excess,ridge_restricted,0.005474150883386875,-1.8332583936131464e-05,1.8332583936131464e-05
1977-11-01,Durbl_excess,random_forest,0.022936622942727136,1.8131643380936424e-05,1.8131643380936424e-05
1977-07-01,Shops_excess,ridge_restricted,0.004316830601145183,1.8005870670578794e-05,1.8005870670578794e-05
1971-11-01,Hlth_excess,random_forest,-0.013563022782365763,1.799471589114532e-05,1.799471589114532e-05
1977-03-01,Enrgy_excess,random_forest,0.004553627555175188,1.7964569050787915e-05,1.7964569050787915e-05
1971-01-01,Telcm_excess,ridge_restricted,4.5597169227695744e-05,-1.7530601636006615e-05,1.7530601636006615e-05
1975-04-01,Utils_excess,ridge_restricted,0.006512856278712897,-1.7383899899692246e-05,1.7383899899692246e-05
1975-06-01,HiTec_excess,ridge_restricted,0.011237695197131692,-1.7233559021945233e-05,1.7233559021945233e-05
1976-07-01,Manuf_excess,ridge_restricted,0.01982958464205342,-1.7142099290046175e-05,1.7142099290046175e-05
1976-11-01,HiTec_excess,random_forest,0.00707955331074317,1.68731920556775e-05,1.68731920556775e-05
1971-09-01,Hlth_excess,elastic_net_restricted,-0.04817203350726107,1.6696299862895003e-05,1.6696299862895003e-05
1977-10-01,Hlth_excess,ridge_restricted,0.00033932941787473414,1.6524829827724297e-05,1.6524829827724297e-05
1972-12-01,Durbl_excess,elastic_net_restricted,-0.012961843354162506,-1.652455651468543e-05,1.652455651468543e-05
1977-09-01,Telcm_excess,ridge_restricted,0.00015060667101873815,1.6498045471546874e-05,1.6498045471546874e-05
1970-04-01,Hlth_excess,ridge_restricted,1.920378622843888e-05,1.6350363747141827e-05,1.6350363747141827e-05
1976-08-01,Shops_excess,ridge_restricted,0.004680028183972507,1.6285761463286086e-05,1.6285761463286086e-05
1977-08-01,Hlth_excess,ridge_restricted,0.00031095562039329394,-1.6270684409458447e-05,1.6270684409458447e-05
1977-04-01,Shops_excess,ridge_restricted,0.004411288024150362,-1.6169453985082072e-05,1.6169453985082072e-05
1976-02-01,Other_excess,ridge_restricted,0.015858717182084314,1.6102068450596363e-05,1.6102068450596363e-05
1970-04-01,Telcm_excess,ridge_restricted,5.680806402097449e-05,1.5847360372300834e-05,1.5847360372300834e-05
1970-01-01,Hlth_excess,ridge_restricted,-1.152766468037747e-05,1.568580435296063e-05,1.568580435296063e-05
1975-12-01,Telcm_excess,random_forest,0.009785532829961752,1.557659926254562e-05,1.557659926254562e-05
1976-08-01,NoDur_excess,ridge_restricted,0.008478559089717952,-1.556590468110297e-05,1.556590468110297e-05
1976-07-01,Hlth_excess,ridge_restricted,0.00019149527868123073,1.547301048043792e-05,1.547301048043792e-05
1975-11-01,Hlth_excess,ridge_restricted,0.00016602042948676843,-1.4737121792784968e-05,1.4737121792784968e-05
1976-08-01,Manuf_excess,ridge_restricted,0.019844251987192862,1.466734513944079e-05,1.466734513944079e-05
1977-05-01,HiTec_excess,random_forest,0.005332948689561023,-1.4600273267051378e-05,1.4600273267051378e-05
1970-05-01,Telcm_excess,ridge_restricted,7.122034752926609e-05,1.4412283508291601e-05,1.4412283508291601e-05
1970-11-01,Telcm_excess,ridge_restricted,6.115091270908479e-05,-1.4343687695039797e-05,1.4343687695039797e-05
1975-03-01,Utils_excess,ridge_restricted,0.00653024017861259,-1.4203085004549365e-05,1.4203085004549365e-05
1976-03-01,Telcm_excess,elastic_net_restricted,0.012034344686197018,-1.4123408853539132e-05,1.4123408853539132e-05
1970-01-01,Telcm_excess,ridge_restricted,7.079970952938996e-05,1.4086326130868798e-05,1.4086326130868798e-05
1976-09-01,Hlth_excess,ridge_restricted,0.0001715473350819563,-1.407942391606909e-05,1.407942391606909e-05
1975-07-01,Hlth_excess,ridge_restricted,0.00016609948113610606,1.3689181086129487e-05,1.3689181086129487e-05
1975-04-01,Hlth_excess,elastic_net_restricted,-0.024732102808258993,-1.3636853238629953e-05,1.3636853238629953e-05
1976-10-01,Other_excess,ridge_restricted,0.01536805740190117,-1.3559675493768353e-05,1.3559675493768353e-05
1977-01-01,Telcm_excess,ridge_restricted,0.0001151845433319254,-1.354772566608542e-05,1.354772566608542e-05
1976-05-01,Telcm_excess,ridge_restricted,0.0001388643824903335,1.271424158311163e-05,1.271424158311163e-05
1976-06-01,Shops_excess,ols4_restricted,0.003634444517074953,1.266897144469592e-05,1.266897144469592e-05
1977-07-01,Telcm_excess,ridge_restricted,0.0001143490436454897,-1.2499158065004679e-05,1.2499158065004679e-05
1972-08-01,Hlth_excess,ols4_restricted,-0.027255535045989543,-1.2172200380522469e-05,1.2172200380522469e-05
1976-04-01,Hlth_excess,ridge_restricted,0.000176703117995336,1.195160356626257e-05,1.195160356626257e-05
1977-09-01,Hlth_excess,ridge_restricted,0.00032280458804700984,1.1848967653715903e-05,1.1848967653715903e-05
1977-05-01,HiTec_excess,ridge_restricted,0.009865514141452647,1.178463881601477e-05,1.178463881601477e-05
1976-05-01,Utils_excess,ridge_restricted,0.005781659372549264,-1.1681741717395333e-05,1.1681741717395333e-05
1977-11-01,Telcm_excess,ridge_restricted,0.00016625191769215064,-1.1479356197940938e-05,1.1479356197940938e-05
1972-10-01,Enrgy_excess,ols_restricted,0.02303406619463,1.1421340651573963e-05,1.1421340651573963e-05
1971-06-01,Enrgy_excess,random_forest,0.025326345950665408,1.1411689557871973e-05,1.1411689557871973e-05
1976-07-01,Shops_excess,ols4_restricted,0.003645445677458392,1.1001160383439235e-05,1.1001160383439235e-05
1975-05-01,Manuf_excess,ridge_restricted,0.02212888228351728,1.099819540928415e-05,1.099819540928415e-05
1976-09-01,Shops_excess,ridge_restricted,0.004669146224329457,-1.0881959643049832e-05,1.0881959643049832e-05
1975-08-01,Utils_excess,ridge_restricted,0.006036903705178842,-1.0875716826674875e-05,1.0875716826674875e-05
1970-09-01,Hlth_excess,ridge_restricted,1.2837291740841472e-05,-1.0623938553444567e-05,1.0623938553444567e-05
1972-12-01,Enrgy_excess,random_forest,0.017046044275135674,1.0554072422785943e-05,1.0554072422785943e-05
1977-07-01,NoDur_excess,elastic_net_restricted,-0.018934870449492713,1.0349881213178591e-05,1.0349881213178591e-05
1977-04-01,Telcm_excess,ols_restricted,0.016100229374022224,1.0307663185660232e-05,1.0307663185660232e-05
1976-01-01,Hlth_excess,ridge_restricted,0.0001927030914788963,-1.022840449882434e-05,1.022840449882434e-05
1975-11-01,Utils_excess,ridge_restricted,0.005949600308073566,-1.014175433122766e-05,1.014175433122766e-05
1970-12-01,Hlth_excess,ridge_restricted,2.7504124657795614e-06,-1.0097493553296033e-05,1.0097493553296033e-05
1976-05-01,HiTec_excess,ridge_restricted,0.01011898711763426,9.988077867895129e-06,9.988077867895129e-06
1976-12-01,HiTec_excess,ridge_restricted,0.009866737529940495,-9.968422325257187e-06,9.968422325257187e-06
1976-09-01,NoDur_excess,ridge_restricted,0.008488416641406094,9.85755168814162e-06,9.85755168814162e-06
1975-05-01,Hlth_excess,ridge_restricted,0.00015255937104219353,9.762674248237069e-06,9.762674248237069e-06
1976-11-01,Utils_excess,ridge_restricted,0.005707790195401352,-9.695329891923343e-06,9.695329891923343e-06
1975-09-01,Utils_excess,ridge_restricted,0.006027827162796151,-9.076542382691066e-06,9.076542382691066e-06
1971-12-01,Telcm_excess,ridge_restricted,4.901280550106968e-05,-8.835404239904143e-06,8.835404239904143e-06
1977-03-01,Telcm_excess,ridge_restricted,0.0001218641003577492,8.781311034544714e-06,8.781311034544714e-06
1976-08-01,Telcm_excess,ridge_restricted,8.611554572135471e-05,-8.713664892745498e-06,8.713664892745498e-06
1977-02-01,Hlth_excess,ridge_restricted,0.0002831115741092072,8.55981994285493e-06,8.55981994285493e-06
1976-10-01,Telcm_excess,ols_restricted,0.01679336379002694,8.433476393787664e-06,8.433476393787664e-06
1975-08-01,Enrgy_excess,ols4_restricted,0.008343307151450707,-8.332620697437676e-06,8.332620697437676e-06
1977-12-01,Manuf_excess,ridge_restricted,0.01920437416867493,-8.269854887332784e-06,8.269854887332784e-06
1976-08-01,Utils_excess,ridge_restricted,0.005743303647691378,-8.2311532730861e-06,8.2311532730861e-06
1976-10-01,HiTec_excess,ridge_restricted,0.009882244807836504,8.205830158813932e-06,8.205830158813932e-06
1971-05-01,Telcm_excess,ridge_restricted,4.883200042649083e-05,8.181267207030274e-06,8.181267207030274e-06
1975-11-01,Manuf_excess,ridge_restricted,0.021257581455942587,-8.043294332349404e-06,8.043294332349404e-06
1977-04-01,NoDur_excess,ridge_restricted,0.008398110104436474,-7.636434245061885e-06,7.636434245061885e-06
1977-11-01,Durbl_excess,ridge_restricted,0.03456607507880827,-7.5711668724443015e-06,7.5711668724443015e-06
1976-03-01,NoDur_excess,ols_restricted,-0.024548386648735043,7.1874801952365175e-06,7.1874801952365175e-06
1977-07-01,Other_excess,random_forest,0.015972462175714908,-7.152978003466259e-06,7.152978003466259e-06
1977-11-01,Durbl_excess,elastic_net_restricted,0.0027587547266562096,-7.116508990656634e-06,7.116508990656634e-06
1976-07-01,Manuf_excess,random_forest,0.0004388886864117314,-7.053509614496356e-06,7.053509614496356e-06
1971-08-01,Hlth_excess,ols_restricted,-0.03592524361712157,6.995546939725372e-06,6.995546939725372e-06
1977-11-01,Other_excess,ridge_restricted,0.015024573199272195,-6.897579172826518e-06,6.897579172826518e-06
1976-07-01,Utils_excess,ridge_restricted,0.005751534800964464,-6.774561516209587e-06,6.774561516209587e-06
1976-10-01,Utils_excess,ridge_restricted,0.0057174855252932755,-6.668816861621352e-06,6.668816861621352e-06
1977-07-01,Utils_excess,ols_restricted,-0.03278385578403564,6.649488030863182e-06,6.649488030863182e-06
1970-02-01,Hlth_excess,ridge_restricted,-1.7405930660574498e-05,-5.878265980197028e-06,5.878265980197028e-06
1976-08-01,Hlth_excess,ridge_restricted,0.0001856267589980254,-5.868519683205342e-06,5.868519683205342e-06
1971-07-01,Telcm_excess,ridge_restricted,5.438608687480251e-05,5.682212678714826e-06,5.682212678714826e-06
1975-12-01,NoDur_excess,ridge_restricted,0.008525335248050991,5.681477412755598e-06,5.681477412755598e-06
1970-05-01,Hlth_excess,ridge_restricted,2.4839556841516064e-05,5.6357706130771845e-06,5.6357706130771845e-06
1976-11-01,HiTec_excess,ridge_restricted,0.009876705952265752,-5.53885557075251e-06,5.53885557075251e-06
1972-04-01,Hlth_excess,ols4_restricted,-0.027714135501065718,-5.528728891590617e-06,5.528728891590617e-06
1976-03-01,Other_excess,ridge_restricted,0.0158639434498552,5.226267770885862e-06,5.226267770885862e-06
1971-02-01,Telcm_excess,ridge_restricted,4.042973622342405e-05,-5.167433004271693e-06,5.167433004271693e-06
1971-10-01,Hlth_excess,ridge_restricted,1.3937424399035336e-06,5.08271158450313e-06,5.08271158450313e-06
1976-11-01,Enrgy_excess,ols_restricted,0.005220913629701562,5.078407467995483e-06,5.078407467995483e-06
1975-01-01,Hlth_excess,ridge_restricted,3.7204828174375315e-05,4.922880704638644e-06,4.922880704638644e-06
1971-04-01,Hlth_excess,ridge_restricted,-9.171810030350613e-06,-4.918186615077147e-06,4.918186615077147e-06
1972-11-01,Telcm_excess,ridge_restricted,3.9332954845150425e-05,-4.881756944241644e-06,4.881756944241644e-06
1972-02-01,Hlth_excess,ridge_restricted,-9.011679729109545e-06,-4.824913080181403e-06,4.824913080181403e-06
1971-12-01,Hlth_excess,ridge_restricted,-2.6357889832961945e-06,-4.798735926403452e-06,4.798735926403452e-06
1972-10-01,Shops_excess,ols4_restricted,-0.021649187775178103,4.756622044466141e-06,4.756622044466141e-06
1977-04-01,Manuf_excess,ridge_restricted,0.01965210130765649,-4.721757373760127e-06,4.721757373760127e-06
1977-06-01,Telcm_excess,ridge_restricted,0.00012684820171049438,4.7070432079854285e-06,4.7070432079854285e-06
1976-09-01,Other_excess,ridge_restricted,0.015381617077394938,-4.5861794775170495e-06,4.5861794775170495e-06
1977-09-01,Durbl_excess,ols_restricted,-0.007312171474864515,4.5780129620531795e-06,4.5780129620531795e-06
1976-03-01,NoDur_excess,ridge_restricted,0.008766016835536239,-4.568383147107724e-06,4.568383147107724e-06
1976-08-01,Shops_excess,elastic_net_restricted,-0.009531981426986524,4.550356314414472e-06,4.550356314414472e-06
1971-07-01,Hlth_excess,ridge_restricted,-2.2351078086124687e-06,4.5004033877305005e-06,4.5004033877305005e-06
1976-02-01,Hlth_excess,ridge_restricted,0.00019701668692151397,4.313595442617668e-06,4.313595442617668e-06
1977-12-01,Utils_excess,ridge_restricted,0.005469852114470042,-4.298768916832785e-06,4.298768916832785e-06
1976-10-01,Shops_excess,ridge_restricted,0.004665024021475173,-4.122202854284218e-06,4.122202854284218e-06
1971-01-01,Hlth_excess,ridge_restricted,-1.3632095308135916e-06,-4.113621996593153e-06,4.113621996593153e-06
1976-09-01,Telcm_excess,ridge_restricted,9.02211677314968e-05,4.105622010142085e-06,4.105622010142085e-06
1975-03-01,Telcm_excess,ridge_restricted,1.9187464630476825e-06,-4.066894661147735e-06,4.066894661147735e-06
1970-10-01,Telcm_excess,ridge_restricted,7.549460040412459e-05,3.919742341818022e-06,3.919742341818022e-06
1972-08-01,Telcm_excess,ridge_restricted,4.951261992780509e-05,-3.8028450632943134e-06,3.8028450632943134e-06
1976-07-01,NoDur_excess,elastic_net_restricted,-0.020169113837798625,3.7584704399851177e-06,3.7584704399851177e-06
1977-12-01,Hlth_excess,ridge_restricted,0.0003174909293240935,3.661989154801759e-06,3.661989154801759e-06
1970-09-01,Telcm_excess,ridge_restricted,7.157485806230657e-05,3.6332964195029405e-06,3.6332964195029405e-06
1972-09-01,Telcm_excess,ridge_restricted,4.588334007804562e-05,-3.6292798497594703e-06,3.6292798497594703e-06
1977-09-01,Durbl_excess,ridge_restricted,0.03481495600791751,3.5385629661988105e-06,3.5385629661988105e-06
1972-12-01,Hlth_excess,ridge_restricted,-1.2259808581438492e-05,-3.5384223751044885e-06,3.5384223751044885e-06
1975-04-01,NoDur_excess,ridge_restricted,0.009082000074811747,-3.496774152234039e-06,3.496774152234039e-06
1971-05-01,Hlth_excess,ridge_restricted,-5.736062616001902e-06,3.435747414348711e-06,3.435747414348711e-06
1977-08-01,HiTec_excess,ridge_restricted,0.009751127665894255,3.415871101530854e-06,3.415871101530854e-06
1976-02-01,Telcm_excess,ridge_restricted,0.00012188039107896564,-3.3563891738142004e-06,3.3563891738142004e-06
1976-04-01,Telcm_excess,ridge_restricted,0.00012615014090722187,3.2911555056802655e-06,3.2911555056802655e-06
1977-07-01,HiTec_excess,ridge_restricted,0.009747711794792724,3.247956041452227e-06,3.247956041452227e-06
1977-08-01,NoDur_excess,ridge_restricted,0.008391741914010487,-3.2457825510645577e-06,3.2457825510645577e-06
1972-01-01,Telcm_excess,elastic_net_restricted,0.014285929326918856,3.0434732888329208e-06,3.0434732888329208e-06
1977-09-01,Durbl_excess,elastic_net_restricted,0.0032213697602211377,-2.911030026031547e-06,2.911030026031547e-06
1977-04-01,Telcm_excess,ols4_restricted,0.014498721753723687,-2.8736464976475418e-06,2.8736464976475418e-06
1972-11-01,Hlth_excess,ridge_restricted,-8.721386206334003e-06,2.8078284963761746e-06,2.8078284963761746e-06
1975-04-01,Hlth_excess,ridge_restricted,0.00014279669679395646,-2.756852240382024e-06,2.756852240382024e-06
1971-03-01,Hlth_excess,ridge_restricted,-4.2536234152734664e-06,-2.6980207004090317e-06,2.6980207004090317e-06
1975-03-01,Hlth_excess,ols4_restricted,-0.001941764796860479,-2.5484457082392e-06,2.5484457082392e-06
1975-05-01,Durbl_excess,ridge_restricted,0.03862928705470059,-2.542573351305144e-06,2.542573351305144e-06
1976-11-01,NoDur_excess,ridge_restricted,0.00844732166225981,-2.528309742122481e-06,2.528309742122481e-06
1977-07-01,NoDur_excess,ridge_restricted,0.008394987696561551,2.5019554329430704e-06,2.5019554329430704e-06
1976-02-01,Manuf_excess,ridge_restricted,0.020193497058808796,2.4383305999853278e-06,2.4383305999853278e-06
1971-08-01,Hlth_excess,ridge_restricted,-4.6584405846150645e-06,-2.4233327760025958e-06,2.4233327760025958e-06
1970-10-01,Hlth_excess,ridge_restricted,1.5211808769177715e-05,2.3745170283362427e-06,2.3745170283362427e-06
1970-11-01,Hlth_excess,ridge_restricted,1.2847906019075594e-05,-2.3639027501021204e-06,2.3639027501021204e-06
1972-05-01,Hlth_excess,ridge_restricted,-1.0282727895827293e-05,-2.2672601149853477e-06,2.2672601149853477e-06
1976-11-01,Telcm_excess,ridge_restricted,8.866365878834603e-05,-2.216185057135611e-06,2.216185057135611e-06
1977-02-01,NoDur_excess,ols4_restricted,0.0013577168482489244,2.208079665777518e-06,2.208079665777518e-06
1972-08-01,Hlth_excess,random_forest,-0.016488681098891345,2.142690477269227e-06,2.142690477269227e-06
1977-02-01,Telcm_excess,ridge_restricted,0.00011308278932320448,-2.101754008720924e-06,2.101754008720924e-06
1976-11-01,Other_excess,ridge_restricted,0.015365993159268565,-2.0642426326045182e-06,2.0642426326045182e-06
1972-04-01,Telcm_excess,ridge_restricted,5.24476909473659e-05,2.024743071871171e-06,2.024743071871171e-06
1970-12-01,Telcm_excess,ridge_restricted,6.312777086370236e-05,1.9768581546175668e-06,1.9768581546175668e-06
1975-10-01,Enrgy_excess,ols4_restricted,0.008415472528192303,1.9749850885819598e-06,1.9749850885819598e-06
1970-07-01,Hlth_excess,ridge_restricted,2.4250615199505887e-05,-1.8329569276831492e-06,1.8329569276831492e-06
1975-03-01,HiTec_excess,ridge_restricted,0.011500200371673763,-1.8271025308269628e-06,1.8271025308269628e-06
1972-09-01,Hlth_excess,ridge_restricted,-1.1377413082325205e-05,1.7670731013996743e-06,1.7670731013996743e-06
1977-04-01,Utils_excess,ridge_restricted,0.005608497808748947,-1.723577573331525e-06,1.723577573331525e-06
1972-10-01,Telcm_excess,ridge_restricted,4.421471178939207e-05,-1.6686282886535508e-06,1.6686282886535508e-06
1971-10-01,Telcm_excess,ridge_restricted,5.754090523824029e-05,1.6220500635988344e-06,1.6220500635988344e-06
1972-07-01,Hlth_excess,ridge_restricted,-1.3408140487669584e-05,-1.6198592240890264e-06,1.6198592240890264e-06
1971-08-01,Telcm_excess,ridge_restricted,5.5941968498229855e-05,1.5558816234273465e-06,1.5558816234273465e-06
1972-01-01,Hlth_excess,ridge_restricted,-4.186766648928142e-06,-1.5509776656319474e-06,1.5509776656319474e-06
1976-10-01,Shops_excess,elastic_net_restricted,-0.009573306796994974,1.5450586290377544e-06,1.5450586290377544e-06
1970-03-01,Telcm_excess,ridge_restricted,4.096070364867366e-05,-1.5392792190871418e-06,1.5392792190871418e-06
1970-08-01,Telcm_excess,ridge_restricted,6.794156164280363e-05,-1.5312976601178363e-06,1.5312976601178363e-06
1976-07-01,Telcm_excess,ols_restricted,0.01695977397075099,1.506810371587619e-06,1.506810371587619e-06
1972-06-01,Hlth_excess,ridge_restricted,-1.1788281263580558e-05,-1.505553367753265e-06,1.505553367753265e-06
1977-09-01,Utils_excess,ridge_restricted,0.005527703388002236,-1.4672776933455367e-06,1.4672776933455367e-06
1977-05-01,Telcm_excess,ridge_restricted,0.00012214115850250895,1.326430128734124e-06,1.326430128734124e-06
1970-06-01,Hlth_excess,ridge_restricted,2.6083572127189036e-05,1.2440152856729725e-06,1.2440152856729725e-06
1976-02-01,HiTec_excess,ridge_restricted,0.010168279352518517,1.1787648401817563e-06,1.1787648401817563e-06
1977-03-01,Utils_excess,ridge_restricted,0.005610221386322278,-1.155410119801914e-06,1.155410119801914e-06
1975-03-01,Hlth_excess,random_forest,-0.0004099385740021777,-1.1257474785697497e-06,1.1257474785697497e-06
1972-06-01,Telcm_excess,ridge_restricted,5.318306392365635e-05,1.0568877969463486e-06,1.0568877969463486e-06
1977-04-01,Telcm_excess,ridge_restricted,0.00012081472837377483,-1.0493719839743676e-06,1.0493719839743676e-06
1976-09-01,Other_excess,elastic_net_restricted,-0.01607924321268439,-1.023320211901435e-06,1.023320211901435e-06
1971-06-01,Hlth_excess,ridge_restricted,-6.735511196342969e-06,-9.994485803410669e-07,9.994485803410669e-07
1976-03-01,Telcm_excess,ridge_restricted,0.0001228589854015416,9.785943225759652e-07,9.785943225759652e-07
1971-09-01,Hlth_excess,ridge_restricted,-3.6889691445995965e-06,9.69471440015468e-07,9.69471440015468e-07
1977-12-01,HiTec_excess,ridge_restricted,0.009655119662082101,9.663440975193893e-07,9.663440975193893e-07
1977-05-01,Utils_excess,ridge_restricted,0.005607594719619469,-9.030891294781185e-07,9.030891294781185e-07
1976-09-01,Manuf_excess,ridge_restricted,0.019845122981202445,8.709940095830149e-07,8.709940095830149e-07
1972-03-01,Hlth_excess,ridge_restricted,-8.159076037239643e-06,8.52603691869902e-07,8.52603691869902e-07
1976-07-01,NoDur_excess,ridge_restricted,0.008494124994399055,8.4735510497147e-07,8.4735510497147e-07
1972-03-01,Telcm_excess,ridge_restricted,5.042294787549473e-05,8.256518475580066e-07,8.256518475580066e-07
1970-08-01,Hlth_excess,ridge_restricted,2.346123029428604e-05,-7.893849052198476e-07,7.893849052198476e-07
1971-11-01,Hlth_excess,ridge_restricted,2.162946943107258e-06,7.692045032037242e-07,7.692045032037242e-07
1972-02-01,Telcm_excess,ridge_restricted,4.959729602793672e-05,6.600134352385822e-07,6.600134352385822e-07
1976-10-01,Telcm_excess,ridge_restricted,9.087984384548164e-05,6.586761139848463e-07,6.586761139848463e-07
1976-07-01,Telcm_excess,ridge_restricted,9.482921061410021e-05,5.927846795650282e-07,5.927846795650282e-07
1976-03-01,Utils_excess,ridge_restricted,0.005793591361536898,-5.716946677170043e-07,5.716946677170043e-07
1975-03-01,Hlth_excess,ols_restricted,-0.024010876157203098,-4.946911962289136e-07,4.946911962289136e-07
1976-06-01,Shops_excess,ridge_restricted,0.004630987152841826,-3.6331596997563054e-07,3.6331596997563054e-07
1972-05-01,Telcm_excess,ridge_restricted,5.212617612671e-05,-3.215148206558993e-07,3.215148206558993e-07
1971-11-01,Telcm_excess,ridge_restricted,5.784820974097382e-05,3.073045027335297e-07,3.073045027335297e-07
1975-12-01,Durbl_excess,ridge_restricted,0.03741863266952017,-3.051455298441752e-07,3.051455298441752e-07
1975-12-01,Utils_excess,ridge_restricted,0.005949306255921272,-2.940521522942774e-07,2.940521522942774e-07
1972-08-01,Hlth_excess,ridge_restricted,-1.314448618372488e-05,2.636543039447048e-07,2.636543039447048e-07
1971-04-01,Telcm_excess,ols_restricted,0.027090076008398634,2.5345394827347434e-07,2.5345394827347434e-07
1976-04-01,Utils_excess,ridge_restricted,0.005793341114266659,-2.5024727023925664e-07,2.5024727023925664e-07
1971-03-01,Telcm_excess,ridge_restricted,4.0667309403996654e-05,2.3757318057260335e-07,2.3757318057260335e-07
1975-06-01,Telcm_excess,ridge_restricted,-1.4161780797161683e-05,2.2006529776241734e-07,2.2006529776241734e-07
1972-12-01,Telcm_excess,ridge_restricted,3.911307097215211e-05,-2.1988387299831658e-07,2.1988387299831658e-07
1976-03-01,Manuf_excess,ridge_restricted,0.02019327835605278,-2.1870275601632017e-07,2.1870275601632017e-07
1971-02-01,Hlth_excess,ridge_restricted,-1.5556027148644347e-06,-1.9239318405084305e-07,1.9239318405084305e-07
1976-09-01,Shops_excess,ols4_restricted,0.003621879521810256,-1.7947092412207155e-07,1.7947092412207155e-07
1977-03-01,Other_excess,ridge_restricted,0.015372190107568184,-1.651736709629148e-07,1.651736709629148e-07
1972-10-01,Hlth_excess,ridge_restricted,-1.1529214702710178e-05,-1.5180162038497258e-07,1.5180162038497258e-07
1975-06-01,Hlth_excess,ridge_restricted,0.00015241030004997658,-1.4907099221694864e-07,1.4907099221694864e-07
1972-04-01,Hlth_excess,ridge_restricted,-8.015467780841945e-06,1.4360825639769814e-07,1.4360825639769814e-07
1972-07-01,Telcm_excess,ridge_restricted,5.3315464991099404e-05,1.3240106744305535e-07,1.3240106744305535e-07
1975-03-01,Hlth_excess,elastic_net_restricted,-0.024718465955020363,-1.3223101080761523e-07,1.3223101080761523e-07
1971-06-01,Telcm_excess,ridge_restricted,4.870387419608768e-05,-1.281262304031472e-07,1.281262304031472e-07
1975-02-01,Utils_excess,ridge_restricted,0.006544443263617139,-1.154360045330094e-07,1.154360045330094e-07
1977-07-01,Utils_excess,ridge_restricted,0.005565340926309226,-9.261119315873145e-08,9.261119315873145e-08
1972-01-01,Telcm_excess,ridge_restricted,4.893728259269814e-05,-7.552290837153919e-08,7.552290837153919e-08
1977-01-01,Utils_excess,ridge_restricted,0.0056481008301251245,-6.535506325011653e-08,6.535506325011653e-08
1975-03-01,Hlth_excess,ridge_restricted,0.00014555354903433848,6.180969935876135e-08,6.180969935876135e-08
1977-12-01,Telcm_excess,ridge_restricted,0.00016631286650825583,6.094881610518854e-08,6.094881610518854e-08
1971-09-01,Telcm_excess,ridge_restricted,5.591885517464146e-05,-2.311332358839735e-08,2.311332358839735e-08
1971-04-01,Telcm_excess,ridge_restricted,4.0650733219460555e-05,-1.6576184536098992e-08,1.6576184536098992e-08
